500 10 100
-318.58 567.67 75
-962.71 423.02 68
734.79 253.21 70
397.56 600.70 72
777.64 -227.64 16
-628.16 261.21 78
-124.91 -224.65 45
157.63 606.68 26
768.00 718.62 28
-797.78 -402.02 35
-813.96 353.86 7
339.21 944.88 154
-72.60 733.33 195
195.10 346.17 81
-680.96 381.27 59
-283.97 933.71 120
634.45 -590.01 133
823.11 391.83 172
-284.46 -667.41 2
959.90 963.13 157
694.69 -610.22 37
893.49 -242.90 84
-426.92 -381.33 119
819.94 -293.37 188
-254.55 -103.61 10
862.85 407.70 109
-388.90 36.71 86
680.96 196.08 97
-569.51 962.28 60
-626.58 -608.08 19
-173.92 -743.28 186
-561.51 947.39 157
-968.38 -715.93 60
-549.30 0.03 118
-578.42 780.33 170
-372.91 -675.59 14
-755.18 -355.88 78
797.66 629.93 101
102.27 -190.95 185
740.59 -670.77 30
-211.71 835.99 3
624.56 47.82 126
917.97 -538.25 197
681.02 -995.36 19
-469.83 31.40 18
451.89 730.70 45
-153.17 775.75 183
-726.00 -361.61 23
823.48 526.23 129
-677.48 978.33 19
303.81 -68.94 124
788.20 -45.01 97
734.92 802.42 24
862.54 -517.69 2
-237.77 -864.50 162
-604.42 -515.92 93
856.69 -155.43 23
626.03 -959.96 134
676.69 606.56 191
511.64 291.30 119
386.76 647.33 48
-836.36 -900.08 182
893.73 88.41 5
-49.35 -739.74 150
167.21 851.68 150
-749.02 -173.25 115
-261.27 -657.52 66
-163.73 113.13 135
366.25 448.04 183
714.16 -625.97 104
965.76 47.21 135
-797.54 -643.79 183
-507.31 -516.89 80
-709.10 -949.52 196
757.99 546.13 165
224.04 -660.33 77
-569.93 -292.21 184
964.90 69.12 124
-32.62 -119.66 120
12.67 617.48 31
177.40 -895.44 119
208.59 565.23 156
778.92 544.79 62
918.21 795.71 149
984.74 -769.16 119
-424.05 571.89 168
988.83 403.49 9
-729.97 56.79 60
-429.36 316.45 162
-921.69 -360.03 22
83.47 -796.81 61
-501.69 547.17 84
109.59 52.22 77
784.11 789.91 15
306.74 122.17 162
-429.12 -184.85 195
-324.56 -991.88 61
-921.81 -517.20 150
902.40 -209.20 29
684.80 -512.38 27
-169.29 617.18 129
19.32 -700.31 32
720.82 -776.30 172
-851.56 -627.49 130
-953.31 663.38 120
232.22 -986.27 149
-624.44 -901.61 72
-606.43 174.05 153
644.15 211.22 179
772.70 745.72 174
139.07 -180.39 191
52.58 -990.84 8
-60.09 914.30 29
402.63 -111.61 24
763.36 -193.95 81
40.80 912.47 168
-710.75 639.64 113
-286.97 488.27 48
-585.68 437.60 74
579.45 516.10 193
709.28 346.60 84
531.91 771.54 199
-92.68 -900.27 74
97.63 -905.94 190
772.33 156.96 93
54.60 502.30 72
-570.12 763.79 72
-48.80 -843.68 77
-543.69 -446.15 49
134.98 860.29 136
941.47 -461.17 93
-105.14 -218.42 75
-360.27 -352.82 82
-826.35 525.56 125
-564.62 634.94 56
-754.08 875.85 8
928.46 442.67 26
-958.37 657.70 195
252.66 173.01 109
677.48 -455.67 23
502.00 -947.14 100
476.42 457.26 3
632.98 -719.35 171
576.89 764.15 122
667.23 -213.23 180
-611.56 -3.75 173
692.25 -90.12 12
909.48 -455.06 99
-193.70 55.39 16
-484.54 6.38 128
-986.94 815.61 127
522.51 765.80 30
406.72 -967.89 5
-138.89 -688.96 192
-963.74 -868.40 141
828.67 -125.03 53
860.77 -996.03 14
357.46 -409.83 191
-559.62 -18.46 136
-194.07 640.86 12
722.16 351.66 33
186.50 163.67 159
697.13 -437.36 58
-748.95 -859.25 143
107.33 96.10 52
200.17 482.71 120
989.93 139.74 195
-775.14 176.06 185
928.34 949.52 128
-125.03 -984.92 117
-316.32 386.58 140
625.97 -700.37 78
645.62 806.63 59
239.66 212.93 51
-467.45 -487.17 188
-168.86 645.56 35
227.88 -383.89 156
-787.47 249.55 93
-186.86 613.39 160
340.07 -254.43 197
-994.02 -432.42 74
787.41 -786.49 90
-428.45 -322.43 119
-639.64 -477.83 104
109.78 -467.15 101
503.10 447.68 105
-828.91 -303.32 78
272.87 645.19 74
-826.78 -301.68 105
637.56 719.17 70
-671.93 306.25 9
911.86 438.15 143
-2.11 -673.33 127
-439.62 -89.82 13
-176.73 400.86 194
600.70 -476.12 14
-140.11 -415.39 29
684.19 -85.12 39
-922.85 159.52 190
-122.23 395.79 164
149.45 374.68 184
-549.55 -568.83 139
775.63 -81.70 69
-148.17 -898.37 191
-970.27 -891.54 8
-211.58 334.64 175
733.88 328.35 58
-876.52 229.10 46
-196.94 358.87 101
483.81 321.63 78
186.13 -763.54 28
-789.00 378.95 103
-328.84 328.17 184
895.50 -490.28 69
688.96 -273.84 59
416.97 314.13 18
577.75 -929.14 12
457.32 -317.30 17
825.01 755.42 38
-925.78 972.59 165
820.73 407.51 109
-597.89 -132.79 132
-104.89 831.11 99
108.31 -470.02 87
-879.02 466.90 105
-853.27 929.38 64
786.19 154.45 143
-146.76 701.90 17
-163.61 795.77 46
-226.29 878.23 131
-797.48 -321.82 88
-940.43 -529.83 9
-992.80 971.68 147
-951.17 -436.32 60
-552.17 509.81 97
-969.60 424.48 49
-78.65 657.34 115
411.30 456.65 125
-54.72 101.54 14
824.58 -97.02 49
-113.56 34.03 86
373.52 198.40 170
683.71 661.55 192
463.30 122.35 105
896.97 551.32 50
769.04 -392.68 25
-223.18 226.48 74
78.40 -517.14 169
-117.59 930.91 169
285.74 830.20 114
-676.44 -169.16 43
-60.52 237.46 189
-773.61 361.37 84
721.12 324.81 121
-243.75 -788.14 166
-702.81 -288.98 155
-758.78 -177.59 104
398.30 363.26 122
864.74 487.17 81
981.08 258.16 199
-711.66 -524.83 14
179.17 741.33 36
684.01 242.10 162
-312.17 146.76 89
-770.20 -943.60 97
513.47 -617.24 186
432.36 -534.59 167
899.53 554.73 157
-99.89 -785.64 187
959.47 -474.35 110
687.98 -230.57 111
367.47 867.92 172
284.22 723.20 112
615.59 178.14 112
991.03 -666.68 196
-899.72 -534.47 106
91.04 -486.01 191
899.72 -468.73 110
59.36 -993.84 108
-206.58 182.23 192
-591.97 460.01 37
-887.14 16.57 187
805.11 8.27 152
-362.47 -367.23 26
126.19 -147.56 92
226.78 695.06 141
-661.31 -333.17 59
-557.12 -411.91 156
821.16 -493.82 187
-669.97 -333.48 34
150.12 624.87 22
18.71 -411.24 89
-220.31 430.95 191
173.56 185.40 51
651.78 -39.83 99
-257.55 -14.50 68
-142.25 -992.68 10
250.04 -828.85 164
-726.49 -348.25 120
259.38 591.54 3
-141.94 -396.71 49
-153.66 -199.01 195
295.27 831.66 189
247.72 -863.09 145
114.96 570.36 76
-493.58 871.70 56
-394.51 -740.90 25
187.90 710.75 27
973.75 -444.44 169
-658.38 618.95 132
573.17 455.49 97
73.34 378.52 149
-148.53 -932.13 137
625.90 -319.25 4
220.13 -64.18 58
999.94 163.98 70
-431.56 235.82 46
-886.10 893.43 152
882.38 976.81 177
572.31 580.61 169
-364.42 -306.62 84
519.76 606.25 56
-453.78 -643.79 16
-936.64 -97.69 62
-813.17 -466.29 111
-407.70 -795.95 94
48.80 -496.26 43
265.97 -640.98 41
-756.10 -734.73 157
-773.25 -475.94 146
328.29 -501.94 2
-27.13 -553.58 154
999.82 -289.65 133
-951.96 854.43 66
-86.76 -649.89 177
23.53 -464.09 157
-190.10 -217.93 199
-95.00 -797.66 193
-162.69 8.88 62
854.55 -27.25 35
-422.41 77.85 190
-288.37 -479.84 123
167.27 -473.13 194
491.74 850.58 137
-778.13 226.84 154
-925.96 574.39 5
-668.08 -176.18 27
920.77 648.73 31
-86.03 -71.20 170
139.93 147.98 170
439.31 484.91 8
-225.38 920.53 35
771.90 621.94 113
-892.57 -738.09 84
769.40 -967.65 182
274.76 219.58 15
-301.13 -283.43 87
-166.66 -896.54 111
-369.55 106.78 90
-636.71 -547.59 73
-946.04 333.78 171
974.49 -650.75 93
766.11 996.03 31
965.21 -156.29 195
842.46 484.36 151
103.24 -429.79 173
500.41 -50.63 186
315.41 -297.10 34
-887.45 627.43 68
-767.45 406.11 61
-191.02 714.84 27
291.18 -821.28 115
248.08 -454.88 175
-811.21 197.42 139
-496.63 -264.38 102
-315.10 -810.36 51
841.12 -528.67 35
-730.40 -238.81 39
716.24 -554.80 194
356.55 -282.45 133
-163.91 411.54 128
-375.47 999.21 139
-125.58 97.02 193
-798.15 -347.76 162
630.05 592.03 155
795.89 25.79 189
348.37 -433.15 177
-125.03 -625.78 188
-182.84 975.16 143
-142.86 502.37 37
-35.43 -434.37 57
202.00 263.16 92
265.91 778.68 77
-413.62 -133.09 107
568.90 -300.27 127
224.22 319.86 93
-784.48 -63.57 127
112.89 145.12 51
827.69 -183.57 16
806.57 88.66 168
-920.71 -562.06 162
-526.90 31.22 163
455.55 71.81 113
-248.88 68.51 34
-357.34 -515.61 52
514.94 -74.37 28
-944.40 -840.75 118
-648.43 -200.42 19
-656.67 398.66 187
586.96 617.85 192
-238.87 135.53 64
326.33 -186.68 153
320.72 226.42 135
-549.85 -699.82 155
864.86 281.35 91
68.27 632.80 189
922.42 -33.54 90
-149.88 -397.75 149
-375.59 435.65 192
148.72 12.18 4
355.69 367.47 183
186.62 -668.26 63
-568.41 239.17 111
-987.98 601.43 25
-829.77 -771.66 64
-281.66 609.79 29
531.11 726.13 144
800.16 -775.99 96
261.21 -859.74 60
-259.38 88.53 59
-521.35 700.80 156
242.47 -43.73 47
78.59 607.65 120
-827.08 -61.56 51
-475.39 337.14 47
550.46 194.31 73
731.74 484.97 196
-5.83 -707.88 126
-889.40 438.03 16
253.09 -103.24 3
675.53 668.51 145
963.07 833.19 193
667.41 792.72 108
-88.35 -808.71 146
666.13 978.39 113
-938.47 216.41 42
900.33 68.70 14
650.81 531.54 157
673.94 -829.46 22
-902.22 -991.45 84
751.52 677.48 91
-556.87 592.03 72
440.90 14.19 87
907.28 835.38 39
224.34 -951.23 76
-914.18 89.63 96
-629.99 373.82 15
588.55 -577.07 75
259.62 754.20 76
-194.13 717.83 70
434.06 232.28 32
-787.47 222.08 151
849.30 914.49 45
431.38 -618.46 94
-208.35 593.07 47
-559.01 301.25 77
-423.81 -669.36 93
67.42 920.83 63
797.91 198.64 129
-506.82 196.94 129
-232.52 774.53 198
212.99 -490.16 160
96.77 2.90 6
897.52 408.67 114
448.10 -122.90 174
256.57 -80.54 186
483.14 -665.03 164
-533.92 225.93 81
-716.85 -947.69 163
288.74 830.38 1
221.96 692.13 151
-70.89 -425.70 16
695.79 893.31 106
167.94 -615.41 111
-488.20 -901.61 78
-333.05 -430.65 172
348.19 -521.65 161
778.50 -837.09 34
-219.28 968.38 9
-22.25 464.28 38
173.99 25.67 51
416.61 775.44 29
501.08 411.05 97
317.18 680.17 102
-851.99 -668.08 107
243.81 -747.43 61
-787.90 -86.70 7
-51.30 -394.63 105
-17.12 434.68 84
-256.94 -574.63 85
-563.59 -660.21 113
441.21 -147.74 190
937.80 -66.19 16
117.65 -519.76 149
178.93 186.68 130
-547.72 -341.65 132
929.07 -588.31 38
567.67 -121.86 126
-304.85 -973.82 169
-766.47 -880.79 6
