1000 14 200
969.97 -336.34 51
653.92 279.34 29
183.08 752.25 62
-709.40 -494.74 9
783.62 921.99 47
83.41 554.73 20
-216.71 -190.10 29
-0.95 -11.08 49
-837.15 144.20 84
772.58 -856.99 46
290.81 353.19 45
-2.96 443.28 29
-674.12 -461.47 99
-883.05 -425.03 6
-597.83 912.11 137
217.75 -674.37 132
-988.95 955.08 144
-55.70 -398.66 223
74.80 -686.82 134
668.32 762.32 139
-990.66 -960.63 82
400.56 -716.85 36
841.55 483.93 198
169.53 -921.38 147
-565.60 -827.57 12
902.77 -116.43 96
-666.62 635.79 148
-493.58 -901.49 196
-81.39 -368.21 208
96.29 747.12 3
-303.87 -235.82 93
-574.33 -98.73 131
922.48 413.98 106
-247.41 355.14 23
-411.05 -597.58 132
-81.21 722.22 148
344.52 154.09 137
546.49 744.80 213
-547.23 -433.76 6
227.64 686.39 56
620.04 -419.42 148
649.71 -521.84 43
-264.14 -171.91 47
10.22 -939.15 124
495.10 942.99 67
77.97 350.38 90
763.48 457.44 53
-895.87 -285.32 98
663.75 -151.04 26
730.52 -977.17 66
939.57 565.23 228
325.24 473.07 122
-543.44 950.56 205
-943.11 770.26 19
-31.16 -810.91 165
738.64 -946.53 209
-232.76 -86.40 85
-708.00 528.06 38
784.54 258.71 139
-159.70 271.77 13
-595.57 -888.42 126
193.46 428.51 68
871.82 -624.01 108
86.09 204.69 82
57.83 -521.23 170
-778.80 -987.67 197
672.78 -649.28 188
205.91 -2.47 170
-935.91 -39.09 148
-903.74 -696.46 171
-239.11 426.25 208
740.59 -996.58 43
-838.13 -998.66 49
674.98 -64.85 182
472.64 135.11 29
238.87 -57.65 191
421.92 -499.92 66
-922.24 513.41 79
-316.45 720.63 212
-447.86 -233.19 124
-458.97 -317.73 158
-990.60 -592.64 185
416.67 -937.80 9
664.30 922.73 49
686.27 -684.99 37
208.04 -847.96 180
-30.18 -957.40 97
-505.84 691.70 19
-921.99 -290.87 69
960.14 -347.58 203
250.59 -706.41 201
-891.90 -696.77 71
-501.69 943.24 177
620.11 375.23 28
-994.51 258.16 95
780.51 503.83 142
912.78 748.41 185
-928.89 -282.69 188
-368.63 -493.33 179
-661.06 -729.79 186
-606.92 490.46 203
64.42 736.38 106
255.96 -755.18 205
232.70 355.75 107
528.12 687.25 192
375.35 -566.64 32
-224.16 949.52 53
760.55 354.78 125
-489.73 -501.51 33
-286.54 772.58 119
-460.92 -927.92 129
897.15 975.52 77
85.85 626.27 91
-676.32 627.43 93
359.11 745.23 22
153.72 206.40 225
555.35 62.17 213
216.65 840.39 167
-450.85 -569.32 53
-87.86 -935.00 58
12.73 121.13 18
965.15 -417.58 157
-337.14 -553.09 125
-331.28 616.57 90
-989.75 196.33 152
4.73 202.00 70
-369.91 -687.67 39
625.54 948.67 214
-163.67 675.22 42
376.02 748.77 105
-25.91 842.59 22
-932.62 791.86 131
594.65 -546.92 103
-155.19 -638.84 32
798.88 -60.46 172
961.30 -528.79 163
270.97 -518.54 64
340.13 -295.21 17
233.13 9.06 36
215.43 -122.23 109
976.44 789.42 39
-355.27 -351.24 59
18.95 -54.90 134
37.02 147.01 203
553.58 -585.25 110
-721.79 -631.95 105
-67.54 -382.43 68
-175.76 731.86 165
-266.76 683.65 159
-491.99 59.24 204
-276.10 802.06 70
-968.75 557.79 87
-970.09 -725.94 229
-572.37 -543.69 106
264.99 487.84 86
443.59 947.33 207
-437.18 -496.75 123
-961.79 -663.93 36
590.62 503.04 114
300.45 -998.54 195
990.23 274.58 163
-728.02 -802.00 204
522.57 392.99 39
-296.67 -873.78 73
744.38 121.86 215
894.16 -691.76 205
-437.18 -509.69 67
746.21 390.42 225
-244.85 789.91 84
221.17 -706.23 74
-255.84 -885.86 23
-193.82 403.42 177
849.24 786.25 211
593.86 -524.40 13
-875.42 835.20 19
-567.67 -600.09 152
-987.91 -655.75 31
-459.52 -873.04 171
-385.30 -254.74 122
-730.89 -780.69 133
-298.14 233.56 206
569.99 845.27 42
-176.37 667.90 151
-547.47 866.76 14
400.56 -145.05 198
-469.22 -775.32 226
613.15 247.78 154
916.50 -656.06 174
-408.92 -941.10 39
474.04 -982.79 213
44.89 857.11 70
46.97 -562.73 129
348.43 -876.09 63
958.01 968.99 182
-588.85 -744.93 89
121.25 -850.09 138
730.52 -667.84 189
-268.72 520.55 229
-966.19 -60.34 59
969.73 466.41 170
158.06 580.68 50
732.84 -442.67 110
-478.50 127.48 159
-702.14 136.27 14
-30.12 465.07 88
345.32 399.09 159
-829.95 300.52 124
-893.98 165.44 25
-658.31 273.66 218
-159.58 214.09 214
-803.64 -743.28 105
644.28 701.53 116
755.73 -671.32 147
-47.21 -952.39 186
-509.51 -398.05 224
-660.45 -998.90 199
208.11 -886.72 149
-479.84 -349.16 83
575.91 620.84 159
-866.15 -832.70 88
342.63 620.65 5
-872.01 297.65 209
463.18 463.79 149
-330.79 343.49 99
-302.29 -636.40 139
-304.91 777.89 117
86.64 588.55 28
-241.92 51.91 228
253.82 -518.05 89
937.99 753.41 52
10.22 392.56 119
576.71 364.67 21
469.28 -615.47 131
-348.06 664.97 214
90.00 974.36 92
-981.87 -406.54 74
-7.72 364.54 110
746.45 377.67 152
781.79 -38.42 134
643.54 -812.80 175
-764.64 624.26 5
970.64 -248.08 162
-219.52 342.81 216
667.71 523.61 56
1.74 148.23 59
269.26 327.92 27
679.07 -759.45 126
418.38 -717.28 226
348.55 861.14 72
703.91 310.34 82
-665.58 -436.51 9
-295.39 90.73 227
-122.53 -491.87 51
-121.37 42.09 5
628.04 475.08 165
533.92 -880.18 6
637.13 -303.87 118
807.12 153.54 36
-691.70 -384.44 63
613.39 -666.43 93
-172.70 531.66 6
-841.98 -425.40 195
-397.26 -983.58 181
74.43 63.20 78
-508.90 294.90 154
-182.04 -401.65 165
-713.00 -357.40 88
-142.80 -395.43 126
-617.36 585.68 129
-293.19 -817.74 41
898.68 501.63 153
-807.25 521.41 202
198.46 -620.04 19
786.00 -324.32 36
-217.38 -743.03 34
620.41 343.36 79
-640.80 433.88 175
194.68 160.25 170
-343.61 282.33 190
-22.49 -654.16 185
530.50 -527.09 219
-547.47 -408.67 171
-617.54 -905.15 66
-199.87 100.07 135
-931.88 603.87 29
-333.17 927.85 230
-365.22 -894.83 179
-429.73 478.99 52
578.30 -613.39 18
680.23 -562.73 167
-852.11 -379.19 68
-750.85 808.95 5
776.85 4.30 136
-901.79 364.73 17
-765.25 -958.62 106
-467.21 852.60 42
-161.66 967.47 89
-867.43 152.20 48
262.55 182.47 19
-732.35 -688.34 50
-580.07 792.11 228
-801.45 396.59 218
772.27 -333.90 162
-535.81 -463.36 87
-451.28 87.19 211
204.02 732.90 172
930.78 315.10 4
345.50 130.89 191
-439.74 -510.18 144
466.84 -168.74 4
-997.99 488.51 193
868.22 137.30 82
274.82 -114.23 97
-800.78 694.69 164
526.05 -703.54 228
-845.70 -506.45 49
-400.19 352.52 181
-504.07 -555.41 120
891.23 -368.88 125
-729.97 445.60 43
745.35 262.86 5
763.18 -217.14 203
989.75 -48.49 191
790.03 604.42 61
-759.51 985.23 216
-472.52 316.45 89
642.14 759.82 125
584.15 -664.17 171
-61.80 -379.62 203
560.29 933.35 205
-521.10 706.84 115
-735.40 169.41 164
195.35 209.88 60
-743.52 -583.61 195
-33.54 263.28 105
-269.20 914.06 6
416.67 854.85 137
-795.34 483.50 106
265.42 -104.34 162
248.76 169.10 195
149.27 182.78 175
-113.99 440.05 5
-391.83 682.91 75
-496.20 -83.71 17
915.10 -400.92 222
439.68 -366.62 133
-116.06 312.36 107
63.51 882.26 166
-30.06 761.53 156
431.93 -105.32 228
117.34 392.13 25
-312.66 357.22 39
174.84 714.77 129
-432.84 -843.38 66
-469.53 17.18 67
922.85 -841.00 157
168.98 122.47 117
-722.65 435.22 101
-126.80 -473.31 92
423.20 -571.52 127
30.37 -965.45 88
127.84 -638.90 132
711.05 -609.18 10
425.76 -55.21 23
612.72 -372.48 22
-22.31 -549.67 132
357.77 163.67 6
-171.97 647.33 76
-254.92 354.29 64
830.56 -699.88 169
139.62 439.50 149
-701.53 -947.02 185
-516.95 941.89 229
-684.93 898.31 72
679.43 751.64 142
-139.38 254.62 189
-402.75 674.92 129
731.80 -766.72 152
-112.83 349.04 79
-613.45 -810.79 223
-511.40 -599.35 228
-396.83 392.74 69
-653.98 790.15 216
438.95 863.70 139
-283.97 -304.85 123
666.01 337.44 6
779.60 -709.95 93
-102.82 -775.81 121
-674.55 -373.64 13
-758.17 -461.10 34
-711.23 -240.52 25
-192.66 358.62 181
167.21 553.21 115
924.74 -332.44 220
-953.67 472.46 107
-108.80 717.46 63
388.35 -603.81 26
-478.19 -480.64 49
135.17 300.39 56
-846.25 42.63 153
289.41 -180.64 165
-813.59 367.90 230
218.97 450.12 68
-974.55 -309.55 79
731.19 -241.07 89
-320.78 -69.98 143
-267.31 -356.49 202
-522.93 36.59 145
-720.15 -262.25 136
696.34 -867.55 110
279.52 -324.44 160
545.03 -349.47 91
278.42 -597.77 79
200.72 866.08 13
922.48 -710.56 76
703.97 -72.54 133
30.43 719.05 19
695.91 916.56 230
58.69 -695.18 76
525.07 -136.02 91
-714.35 -729.97 215
377.61 257.91 36
-437.79 938.29 2
-943.66 666.68 185
213.35 82.06 11
-897.40 897.15 13
884.70 251.87 109
-636.46 879.45 157
51.06 -570.60 219
111.06 457.01 83
-199.93 669.00 222
668.57 -281.47 84
617.48 -953.55 222
-560.11 -315.78 29
-518.54 493.39 16
-477.10 -698.42 160
-124.49 188.02 152
-33.66 71.93 114
597.77 -630.30 64
-545.76 -541.06 220
733.94 -25.30 218
16.27 -218.36 26
117.04 623.58 26
-477.46 -185.58 212
-725.70 -538.87 187
-522.20 -945.62 139
-495.65 -583.06 9
-775.87 823.36 82
-407.82 -135.84 218
-644.52 -702.32 165
2.11 -341.35 121
181.01 454.76 34
-562.24 388.84 59
-296.43 -965.03 189
-320.60 -394.63 158
52.64 205.66 34
-153.90 89.45 179
-123.94 906.74 3
-61.43 -908.14 126
-892.09 -864.62 185
942.14 -796.75 209
30.06 909.18 200
166.48 327.68 172
895.26 -393.72 196
-890.44 394.57 33
-179.05 59.36 126
217.57 -802.30 164
-553.45 -580.86 153
-289.47 -654.04 129
-773.43 -326.88 203
-583.36 -995.97 166
455.79 30.98 205
542.83 -864.86 82
-562.67 443.95 225
-231.60 -413.07 169
865.78 -458.24 188
224.04 -165.38 38
750.54 510.06 49
61.92 -238.01 151
303.75 138.89 89
687.98 -229.41 143
-593.92 697.38 15
556.69 11.26 53
802.06 685.48 225
-17.55 -119.36 13
301.37 125.71 1
938.66 -634.08 181
240.94 141.15 55
555.22 -393.96 218
-478.19 365.76 15
-767.27 -582.20 163
-47.94 502.43 85
-784.60 -243.63 98
-374.00 -665.64 175
360.82 -603.02 123
-80.72 949.58 15
-41.23 785.03 102
-377.91 -884.33 128
30.37 -745.96 89
14.80 -111.61 121
-156.90 -88.17 40
572.92 895.26 228
643.91 682.73 31
707.75 574.51 217
-897.40 -468.79 40
767.57 -804.86 82
914.85 -977.66 156
-316.63 -994.14 137
-312.54 342.51 89
-602.89 597.71 226
-122.17 -23.59 157
-190.65 -226.17 230
-583.18 -359.05 228
671.50 -855.83 53
981.63 84.69 201
887.63 557.60 5
-67.17 206.09 135
-685.05 -402.26 165
950.74 887.39 146
628.65 951.23 103
-357.16 225.20 206
-620.84 756.16 182
-895.26 -282.57 40
-713.98 310.10 106
-162.82 -310.28 112
-691.46 3.69 24
-177.89 -939.94 196
-611.26 304.36 6
-829.77 -298.38 26
-801.81 -711.66 185
-164.65 -584.22 29
-991.76 867.00 82
692.80 127.48 189
-819.57 -287.64 228
-953.37 -395.67 112
-1.37 -776.30 185
621.88 37.39 112
877.62 923.40 152
549.91 -551.26 190
-353.19 692.62 134
-962.77 367.23 137
858.70 494.55 92
547.35 774.59 53
-829.83 940.73 160
-309.61 -759.58 50
37.75 -520.43 69
-151.34 -336.28 99
-500.29 385.17 19
-885.31 -612.11 53
-48.98 -668.45 9
-361.00 -100.38 92
-214.51 426.31 3
223.91 102.57 5
-149.88 372.36 145
-795.59 541.06 112
-937.56 200.48 148
586.29 -833.12 51
-450.12 -999.45 137
301.80 -437.48 36
514.02 -460.55 220
562.00 -809.14 4
-33.11 -175.08 59
-139.38 498.89 195
770.26 825.19 189
-508.65 -203.04 190
287.15 -88.90 69
-295.51 30.30 206
-320.41 -574.57 135
-878.54 90.61 2
-299.48 -670.71 143
979.80 -552.23 188
990.05 -599.78 154
458.48 853.51 158
638.54 -809.56 106
-21.82 -66.68 74
-622.00 164.34 90
-767.20 896.73 128
-546.25 -642.69 157
-957.82 595.45 95
262.98 794.61 204
166.17 -988.28 33
-521.59 -980.04 174
-760.61 -804.80 36
-156.10 -330.55 31
-774.53 -43.55 130
398.97 321.33 140
494.25 501.45 142
-203.47 128.15 136
53.99 -85.97 45
884.70 221.05 117
-136.14 212.50 63
67.96 -164.04 161
-235.76 -138.34 74
408.00 785.45 179
-353.37 -618.34 23
206.52 545.58 188
283.36 287.03 199
-806.82 -909.42 119
9.55 -715.75 145
664.17 -61.07 6
435.04 -309.61 116
231.97 926.21 18
-176.85 -336.65 63
509.38 239.72 158
948.67 308.63 157
302.59 -512.44 199
390.55 292.03 136
987.06 -717.89 151
-419.29 -500.23 17
-69.37 -756.28 207
-241.07 789.61 124
-635.67 724.85 119
537.95 225.38 144
-771.23 168.49 189
300.21 629.08 29
498.70 -903.74 150
-612.60 -932.31 139
-447.49 522.51 89
-751.03 273.90 89
565.84 360.21 212
-355.94 -780.33 101
-89.88 -626.45 69
884.70 -619.56 92
386.15 -312.42 195
220.07 885.31 110
64.12 -957.58 73
46.42 -994.87 73
785.33 -876.52 190
-74.31 526.90 141
-738.58 662.53 14
-333.66 -247.54 76
-571.58 836.05 16
208.41 -601.18 10
530.01 -960.39 99
11.14 802.18 83
-436.32 634.33 205
317.79 802.55 194
-520.80 0.70 135
317.18 -247.47 185
113.86 -555.96 178
83.22 502.43 87
-457.81 417.58 81
508.16 218.30 192
-446.70 -572.62 19
493.15 -260.60 98
596.24 94.82 107
-317.73 -881.22 139
-992.92 434.74 189
-738.09 -720.51 224
900.20 -292.21 45
-943.91 596.24 15
-989.50 -523.73 82
-427.05 -65.10 150
-714.22 -20.91 34
53.38 499.62 27
-633.53 900.39 69
-815.36 -4.36 179
-459.82 280.98 91
-774.53 372.72 185
537.46 -33.36 185
87.74 -991.76 100
-82.86 -149.08 46
692.01 883.66 129
11.02 -499.07 64
-99.77 340.43 71
-284.77 -192.11 63
-212.62 -366.86 230
74.37 319.86 165
-811.52 -32.50 22
-140.54 -842.95 126
603.26 -720.76 25
437.79 -887.57 31
-98.06 -80.36 53
-575.37 970.21 53
-888.36 916.20 176
141.94 466.23 165
-892.45 -173.31 13
-962.89 -70.53 94
558.95 644.28 23
189.06 725.33 70
-786.25 997.62 202
-906.25 -578.42 84
815.55 268.72 209
-666.74 368.45 208
869.38 473.31 1
-266.03 -628.83 164
371.26 65.52 32
469.41 593.13 111
-274.03 -510.85 82
503.65 998.66 222
661.98 550.28 64
56.18 795.28 16
-748.47 -214.70 34
648.12 -307.60 128
-583.97 -811.03 213
12.91 630.54 44
781.43 202.12 63
-29.21 181.55 1
708.12 987.85 199
525.44 -655.26 217
995.97 998.35 139
-803.34 -803.64 141
406.48 898.98 6
-799.55 62.23 19
11.02 329.20 82
-223.30 -194.56 84
703.73 980.53 202
-995.30 -282.27 80
269.33 322.67 197
70.71 615.22 73
416.00 247.96 43
426.80 321.15 43
-579.88 -809.75 138
-152.32 20.97 204
739.68 154.21 4
299.17 241.25 76
-625.42 810.97 23
39.22 695.85 139
-847.65 -363.63 25
717.83 -803.22 27
724.42 224.77 147
-315.47 505.48 227
-853.76 666.31 5
497.24 -358.01 218
711.48 474.78 108
-995.42 -963.81 88
480.70 242.35 170
597.71 233.92 100
-64.55 -766.53 224
542.28 -76.14 76
-358.20 -239.66 197
-36.90 69.80 82
-12.48 652.33 151
-693.23 171.00 106
-802.97 -298.93 177
-794.00 -619.19 16
-803.03 871.15 202
-140.48 639.52 216
-268.96 570.91 37
578.66 -629.08 164
679.13 625.35 162
-721.67 907.41 132
-948.24 34.88 82
-334.82 887.69 222
-129.12 -611.68 164
-61.25 675.22 173
353.37 -822.14 92
-764.15 611.87 53
-257.48 486.37 3
-951.23 911.56 112
23.16 -167.33 165
697.32 455.24 104
872.80 -376.26 205
875.36 924.07 193
781.49 -88.41 190
-421.12 852.11 131
574.45 255.78 205
599.48 543.87 99
840.45 679.80 104
491.50 -366.92 33
258.34 246.50 67
-262.25 -389.51 199
769.89 907.22 39
-3.69 -831.72 78
-776.73 -750.60 127
68.27 -54.48 93
757.81 -162.63 87
821.34 -531.91 6
59.05 -751.88 49
-3.02 1.31 52
-47.03 -90.49 156
-136.81 -72.66 184
-149.88 -304.85 36
304.24 -626.03 16
577.26 -827.51 112
-588.49 -597.09 17
368.14 -315.04 197
-793.69 -633.72 91
494.06 327.68 29
33.48 -690.24 102
-560.66 600.63 112
-327.74 789.24 93
922.61 337.63 28
555.71 -575.55 189
676.50 -329.94 103
931.03 -810.60 161
983.15 -460.31 110
-418.13 -916.75 127
-240.09 -129.92 62
-892.09 689.50 110
-237.59 200.11 132
-17.12 -537.89 177
458.66 615.71 39
927.92 629.69 69
-414.29 -552.60 228
796.50 -373.82 171
575.98 671.80 8
-578.11 197.30 182
-816.22 522.32 114
-24.57 36.47 179
-991.21 -274.64 193
-424.79 -767.88 89
441.33 -718.99 165
420.45 200.90 38
108.07 55.02 159
854.79 395.31 38
-584.40 -109.10 132
735.71 157.51 19
526.72 736.01 65
552.29 888.73 184
-688.34 653.74 11
-855.40 477.16 37
744.07 -182.65 219
881.95 912.53 105
102.15 -103.24 176
3.45 473.19 116
453.35 910.09 215
-230.99 -950.93 92
479.23 866.45 226
-650.50 -694.27 197
-0.21 -378.09 104
267.86 -240.27 166
826.17 -435.47 194
922.91 -332.07 166
-942.75 278.12 19
545.76 -817.99 107
895.69 462.57 9
-902.58 741.75 175
730.46 364.42 49
-628.83 416.06 208
882.87 32.62 230
160.13 110.81 178
270.42 -869.62 18
-957.03 485.76 139
-419.72 -967.41 70
374.92 -682.06 39
591.11 -209.57 228
699.15 164.28 43
302.77 -517.62 109
270.00 754.39 164
-226.23 -240.39 177
-58.99 849.30 13
268.59 -731.07 49
-415.45 568.59 10
747.80 362.65 11
-287.64 -322.73 156
125.71 318.16 24
313.58 -717.46 104
333.78 452.68 137
369.37 -936.83 73
-689.75 -729.73 96
287.58 802.24 107
-161.41 -622.12 46
-120.52 -146.28 141
-76.20 596.91 67
725.15 -490.28 192
387.80 -266.82 152
87.01 280.74 166
818.29 -903.38 59
195.72 125.77 19
-815.67 -665.52 119
-17.98 -96.04 71
575.12 -292.21 10
429.55 28.60 45
-119.60 853.45 72
-88.41 728.51 2
-933.29 -426.07 110
413.56 717.64 152
-750.18 549.30 98
-331.22 686.21 40
287.09 302.04 112
209.20 109.04 204
-650.81 536.67 213
399.27 -332.50 33
139.68 -651.48 225
930.85 351.05 77
-645.62 24.99 29
-739.25 -707.94 192
-130.10 472.52 22
321.45 846.25 230
260.66 -30.73 221
774.53 604.30 115
829.40 192.18 16
364.24 -832.15 91
633.17 567.25 65
-194.31 883.05 126
-740.04 183.26 149
365.70 -440.72 79
596.18 42.94 7
109.65 -248.45 23
784.78 556.32 23
-50.02 -298.32 169
247.78 151.89 166
-617.11 -224.10 170
-706.66 -50.39 113
-599.60 -560.35 128
-311.99 847.04 104
754.63 -260.84 229
-90.12 -622.79 79
-214.09 151.28 187
847.59 -457.93 192
-342.20 -221.05 100
729.36 -232.64 171
310.71 449.57 215
305.15 -589.71 99
16.45 575.43 85
-987.61 130.41 159
-676.50 904.35 69
-719.78 155.55 222
686.76 -222.08 40
523.55 292.89 216
425.09 -529.71 210
-10.65 -306.31 144
89.51 -142.61 176
-298.01 -864.62 126
110.26 310.53 53
552.96 181.74 82
-28.35 571.83 222
-648.37 272.50 175
383.10 -299.05 155
-359.11 832.03 150
234.41 232.58 222
-461.35 110.45 183
781.79 -294.72 50
-956.79 948.97 69
-235.39 959.04 45
382.85 222.45 182
-748.10 -693.53 147
-645.25 -373.64 129
-791.68 109.10 87
431.50 977.05 102
303.99 -317.12 195
959.96 -458.30 164
622.73 -927.12 50
-697.13 358.26 120
-105.75 -683.52 14
-493.58 -713.61 135
-55.51 -382.73 85
286.66 914.79 211
-534.65 -379.68 52
54.11 -332.19 59
-787.47 968.26 155
-411.85 774.90 26
584.95 773.55 30
-912.29 422.35 61
481.73 -179.91 87
-93.84 -333.96 26
619.01 450.30 9
579.94 775.44 177
365.28 456.77 163
-971.50 -124.24 77
878.41 -868.59 80
-707.02 287.21 79
-855.77 -825.50 52
-863.77 -909.36 26
-325.05 684.93 89
-494.19 -579.52 63
-619.37 193.09 195
-498.89 -946.96 126
-274.21 -96.10 127
354.84 269.08 53
-28.47 -757.93 122
265.85 970.58 197
342.33 -311.01 1
-24.87 883.72 132
582.57 11.02 63
-6.38 -382.73 112
-157.75 -437.18 46
-369.79 -366.86 149
397.69 -349.96 205
674.79 -935.61 66
621.51 203.77 228
17.24 -962.10 108
122.84 509.14 5
877.74 -23.47 79
323.89 -313.03 58
936.16 -485.89 214
-818.84 302.47 138
732.41 -587.57 205
-453.84 119.97 107
508.53 465.19 201
-963.32 -113.19 203
-567.31 -933.29 227
-484.79 360.03 91
-864.13 -841.79 104
584.95 840.57 2
946.23 891.11 56
175.88 -498.64 29
383.04 823.85 105
546.98 30.37 106
618.58 30.98 115
126.19 819.33 136
-25.18 415.33 77
805.48 -645.62 162
359.78 17.55 150
837.95 858.52 125
-906.19 -534.04 65
-381.15 -151.46 69
-900.20 149.39 46
599.48 -645.86 86
-833.80 481.43 189
652.82 343.30 76
201.70 4.67 101
619.50 671.68 110
323.59 304.48 99
764.76 -141.03 95
518.72 -981.44 145
727.47 454.33 62
727.47 890.50 149
480.45 -73.03 27
783.81 65.52 48
-890.01 164.65 165
945.68 930.05 85
98.91 23.77 73
