1000 14 300
18.65 981.81 39
-480.33 -791.56 4
565.66 756.95 19
-635.55 306.44 94
-350.51 968.14 36
393.48 -671.93 88
-765.01 -21.21 80
-358.07 835.57 65
17.79 -192.05 99
-680.10 952.64 66
-686.15 267.68 90
533.74 -525.13 71
972.53 840.08 73
-709.77 192.91 33
329.20 748.95 345
-124.30 -346.60 174
-767.69 -377.97 321
173.25 168.37 172
416.85 424.30 217
-950.68 178.81 233
204.87 -776.73 194
-150.55 -646.35 86
939.33 -931.58 321
548.02 288.86 224
950.07 84.08 29
443.53 631.76 210
-532.94 -964.84 15
-265.66 128.76 291
-24.14 -621.33 50
91.34 -257.85 115
-689.32 -588.18 86
-272.99 -158.30 99
553.58 -180.46 146
-319.74 811.15 48
790.77 958.01 58
-646.60 -539.78 239
-760.06 840.88 223
999.15 -349.16 390
434.25 -732.35 92
-893.61 786.00 385
294.11 98.36 293
-264.02 516.28 147
-716.48 591.42 102
-957.40 -555.16 73
-324.20 222.82 232
-238.69 -993.96 320
507.00 -244.42 282
-440.41 306.01 7
-685.48 765.19 255
133.46 796.14 158
-503.34 617.66 40
989.14 451.16 318
-665.88 270.61 16
-735.83 891.78 5
643.30 493.45 238
944.70 882.26 264
923.22 418.68 381
-317.42 -912.23 345
-27.13 994.75 356
-639.52 -844.66 53
-463.48 -832.15 383
-166.60 322.73 350
-164.34 714.71 8
158.97 127.17 25
-883.05 841.30 194
348.12 -385.30 271
832.21 198.28 118
-515.00 -997.31 245
-976.32 90.91 256
-773.37 268.04 185
-834.22 635.36 363
-556.08 -128.70 356
355.08 -320.90 290
-633.78 -964.90 365
608.02 713.98 364
-719.05 -81.88 328
-645.99 -987.00 307
875.79 924.62 342
-734.73 -928.71 130
939.63 499.19 311
582.26 -628.65 38
-387.68 -659.60 216
333.11 779.78 72
936.40 -732.90 209
-448.04 759.39 107
378.64 240.70 58
-973.20 -694.45 135
-510.54 535.14 211
-497.91 330.36 173
217.63 3.81 325
875.24 377.97 113
838.80 66.87 161
6.44 -688.53 15
241.86 -311.08 110
-435.04 -794.73 124
-305.03 -520.68 64
101.05 370.71 184
-563.28 -621.45 321
-476.55 -522.69 48
-245.22 447.07 290
-380.72 362.29 11
872.49 -709.65 318
-572.80 -410.93 372
-779.66 -106.17 102
-578.91 389.45 395
-235.15 -653.43 345
-176.06 525.62 69
-740.10 361.00 255
203.89 120.33 254
-179.60 -112.58 237
-945.25 844.17 392
347.33 738.33 387
583.79 295.57 192
-695.30 -783.32 80
665.76 -808.71 322
418.13 -453.78 24
133.21 364.91 267
-729.42 667.41 109
493.70 -206.58 68
-220.44 -44.04 154
63.33 -810.24 117
-616.02 873.29 110
616.93 -643.85 204
711.78 735.77 256
-761.47 -249.55 90
-214.88 -63.88 89
355.57 812.92 90
697.87 309.85 96
210.30 -205.97 155
422.28 -825.62 30
-489.49 357.22 15
-779.17 118.93 176
958.01 -638.60 23
295.57 -858.70 254
28.66 -801.26 44
-935.91 468.31 32
-975.28 -868.77 23
48.49 -399.40 189
-719.66 478.99 345
53.13 -947.81 324
-265.36 516.83 31
344.95 145.91 283
-861.26 784.48 308
176.67 -658.80 22
-820.06 -544.79 212
-532.03 -846.92 112
46.91 695.67 284
23.65 -979.67 379
-334.76 825.01 392
580.13 -248.45 231
260.29 -191.99 334
-525.32 -334.15 293
295.75 -569.93 301
79.68 502.43 188
-546.56 663.44 367
584.34 -152.81 106
398.42 488.20 248
-506.15 -528.00 57
876.83 -970.82 298
-407.15 842.83 147
461.84 -439.99 164
343.24 -613.51 318
-748.04 962.46 76
3.81 -843.50 103
283.43 857.54 315
417.16 556.75 303
592.58 96.71 77
-333.90 -978.09 105
-988.71 -131.08 368
896.42 -740.47 99
-861.14 -410.87 209
-203.04 -916.87 272
768.18 -762.75 128
761.22 264.14 74
-407.15 165.26 255
884.27 438.34 214
544.24 -169.65 73
-78.04 -809.87 158
-158.73 698.54 177
-595.20 234.05 259
48.01 -60.09 106
-490.22 -614.80 366
355.33 762.99 364
296.91 -1.80 11
200.90 546.92 124
765.19 -990.17 167
-547.41 -404.03 161
-875.97 898.68 149
-35.92 -409.34 225
961.42 -983.34 325
610.77 908.38 309
867.85 -885.19 158
185.22 -820.12 140
-199.26 -288.37 265
-981.32 -20.05 238
-713.25 -489.55 302
151.65 682.06 176
721.30 584.83 347
-445.97 477.71 302
-220.25 794.55 298
-461.53 -370.65 268
550.28 -901.73 129
-626.27 -566.21 260
-309.92 357.71 234
-561.39 -621.20 391
-56.12 -881.47 337
-694.81 -178.01 144
989.20 -27.50 347
-837.70 -536.55 296
48.92 680.78 228
-773.80 -831.90 198
-724.05 544.11 376
493.94 -427.47 392
-175.15 -227.03 172
-379.86 -365.70 358
30.98 -901.00 340
92.62 -901.79 395
-536.61 -173.19 216
494.80 12.79 363
60.88 200.23 188
-273.96 -813.84 284
343.42 -397.02 340
-148.29 -932.92 354
-927.00 975.04 219
-977.42 -772.64 25
958.43 -840.88 71
894.28 659.35 365
-684.68 -56.00 206
431.44 729.06 190
-745.84 586.54 8
160.68 99.09 88
220.98 838.25 234
-923.58 501.82 341
814.20 -795.71 225
-228.55 153.11 218
-6.26 -408.00 347
-807.18 101.11 332
-670.16 -101.96 343
-23.47 152.56 159
-927.12 -300.88 286
-167.33 -540.57 281
793.76 290.57 185
-808.65 635.24 5
-586.05 120.03 113
-472.15 -351.97 300
-147.07 -568.04 71
-291.42 960.69 53
523.97 926.88 298
597.52 704.76 339
-240.21 -303.20 325
272.87 335.18 36
187.29 874.51 389
787.35 -534.29 50
358.26 576.10 96
-293.31 -315.41 234
821.28 84.99 370
928.59 -661.31 275
-457.81 50.75 32
774.59 812.56 1
-602.40 32.81 111
303.87 955.08 301
624.93 235.21 352
472.52 280.68 210
-131.81 17.85 18
408.00 -361.80 145
-945.01 977.48 90
-68.82 449.63 123
31.65 314.92 10
790.09 626.33 25
918.70 104.16 38
120.03 -882.63 53
-220.56 -813.96 279
-334.03 -14.19 35
663.75 -2.47 85
539.05 193.15 37
658.25 -56.25 183
987.24 154.33 204
484.12 -808.28 233
-913.14 843.13 192
-314.37 -747.43 178
654.53 49.59 121
802.36 676.14 375
292.15 -452.93 164
-641.77 856.44 121
-436.51 682.79 76
286.60 -406.29 224
95.13 502.61 52
787.84 -81.09 235
170.20 212.62 356
840.82 20.78 29
368.27 814.14 51
-95.80 165.07 312
262.67 -620.90 212
4.73 -483.44 281
-637.99 -95.19 340
-337.69 -989.38 106
628.28 -747.18 56
201.88 -869.93 84
-735.47 -411.54 272
190.04 867.85 224
302.16 239.11 101
-727.65 -449.20 373
-938.66 239.60 345
-184.55 -186.38 189
85.73 272.56 384
-271.34 -907.77 271
-116.06 -502.37 190
910.52 -190.28 129
21.94 -858.46 273
-828.97 194.37 296
-966.06 945.19 15
-511.89 -340.13 231
-485.03 878.35 120
-698.60 133.40 7
-129.37 -805.17 83
491.26 893.73 15
-217.44 -846.92 207
-28.23 626.09 396
-251.08 825.31 248
-289.53 -236.61 317
-673.02 -389.63 210
-294.84 15.90 4
-803.83 -398.91 266
268.29 -458.54 337
113.86 82.80 60
-872.49 729.12 141
514.45 -583.73 358
606.80 306.38 201
-855.04 622.67 356
746.51 -312.85 359
995.73 -602.65 208
-82.37 404.46 388
-886.72 286.66 23
-484.54 364.54 108
938.78 604.42 195
-50.08 774.77 361
827.75 612.23 390
-379.13 177.71 49
-346.66 766.96 377
-864.86 324.81 264
-905.64 722.71 338
-71.14 -105.56 14
-358.99 492.97 139
-33.97 -455.43 14
743.03 -1.01 327
-469.95 749.69 315
138.58 -612.60 218
-433.76 546.31 304
485.03 -744.74 390
-180.52 -44.16 92
212.50 -480.70 366
389.57 717.58 400
-708.85 355.63 295
549.00 295.51 222
591.97 672.96 190
985.35 175.15 115
976.32 -789.91 173
289.77 483.57 19
427.17 822.50 113
-232.52 207.25 23
-321.57 86.95 75
743.03 -13.89 155
161.23 266.46 100
-274.33 891.17 31
-79.62 178.62 280
-665.09 984.25 275
702.81 859.98 300
-985.72 -925.23 322
-59.72 359.66 366
-464.77 -830.62 210
86.95 781.85 333
-640.86 908.57 163
-20.54 -927.18 393
-664.78 59.11 338
-188.09 275.00 11
-783.38 115.27 274
215.00 -717.70 109
-676.32 518.72 188
38.91 796.14 144
-374.25 186.80 83
23.96 -569.87 392
798.09 178.26 264
-157.14 -986.14 287
-312.11 -307.05 157
-732.72 334.70 41
-651.78 431.38 372
-298.50 91.65 280
-386.52 891.84 70
-719.11 967.65 207
350.32 -296.67 371
410.32 -306.86 156
272.93 828.00 141
261.27 -952.51 55
-191.81 676.81 72
-389.81 -851.74 99
-812.13 -893.31 185
732.54 -612.84 192
980.35 161.35 82
116.73 -783.50 154
-97.20 -468.37 17
-215.80 -67.54 368
229.10 -704.58 74
-762.93 885.62 210
671.74 -207.25 203
-235.39 429.98 92
530.26 768.00 268
-737.05 642.45 119
-600.45 392.93 137
119.97 -338.66 179
80.23 746.70 371
327.01 654.90 158
774.77 -999.76 17
64.85 181.07 12
438.28 201.09 8
-190.65 -699.21 258
530.69 -586.17 236
772.39 496.20 128
-358.44 -692.37 332
-516.65 481.86 319
773.49 -670.34 161
771.54 -375.65 314
730.52 -375.77 101
586.47 -839.35 207
-686.15 95.86 307
-761.35 -31.16 78
-878.84 -278.36 134
4.30 -441.94 213
940.55 642.51 345
871.70 -553.03 135
-736.44 959.90 177
-243.75 -552.78 296
-428.14 775.69 237
-967.16 810.54 196
22.19 -903.81 113
968.44 983.95 49
-775.20 21.94 24
849.73 -905.76 116
-783.44 413.01 4
523.00 -491.26 120
736.99 -789.06 11
959.35 -868.34 161
760.12 52.10 263
-429.36 760.12 75
180.76 984.31 65
-414.29 74.07 379
833.31 -755.55 324
93.97 -65.89 367
-94.21 416.73 372
-363.93 851.50 214
530.08 -878.78 240
708.55 -969.66 139
148.23 -60.58 13
504.20 -488.08 374
-585.74 -205.42 112
-109.41 -80.11 227
143.89 -249.37 352
-731.62 377.73 377
-576.28 395.55 253
-182.35 -426.62 98
682.36 -97.75 104
971.98 -44.71 52
-440.72 756.34 249
-990.48 887.45 27
-959.47 -750.30 191
672.11 -463.61 162
796.93 424.91 96
958.25 -454.94 145
232.70 -546.98 1
947.14 -571.46 377
-340.62 -301.13 194
933.23 350.14 36
-486.50 -784.48 353
-452.99 751.40 159
-113.62 366.25 191
150.36 -529.40 31
73.64 948.85 156
877.19 -262.49 13
638.97 841.24 389
-508.96 30.67 271
863.46 -949.28 14
0.46 474.23 98
677.24 -618.58 391
-39.58 -513.11 293
483.50 -15.78 114
847.59 -975.77 26
948.00 75.29 191
70.41 228.06 207
78.77 -655.45 93
-679.31 863.52 191
-980.04 -714.16 133
-663.14 -165.56 3
-825.56 102.27 157
980.29 571.64 112
-195.53 -760.43 192
77.30 435.04 189
-609.61 -790.89 335
0.27 -284.95 289
-1.98 447.00 141
696.28 -400.13 74
-27.68 755.42 270
-918.27 -141.88 179
686.27 -357.34 254
647.57 205.05 101
76.39 865.05 339
-990.42 641.16 84
-455.67 932.80 37
258.89 -292.15 114
-254.07 516.53 250
-457.87 -137.67 330
-926.57 836.42 17
-392.32 269.51 393
516.53 -522.51 225
320.17 -499.44 59
309.18 909.91 201
-364.91 163.37 356
-412.70 -460.25 118
-517.14 617.97 143
440.53 639.58 55
-314.19 -94.94 379
497.05 242.41 226
678.27 -921.99 42
-223.24 292.52 70
661.12 -456.16 191
240.70 -728.63 129
155.80 -981.75 180
498.58 411.18 143
-27.38 550.65 293
-234.53 721.85 308
628.28 13.89 346
632.92 -359.54 65
-515.31 741.63 373
-217.08 -588.92 105
-408.92 870.78 90
-312.66 -426.01 144
632.25 -325.36 179
835.26 430.46 88
785.94 -15.96 266
-617.91 307.72 176
-98.36 955.69 301
-447.31 122.47 338
496.20 -798.09 41
-82.37 -612.17 33
863.22 892.51 229
40.19 -328.78 54
-637.81 -870.60 90
-785.58 -159.03 45
-58.93 -65.77 384
330.24 -505.84 148
-596.30 812.13 285
-436.69 -26.58 1
109.47 333.17 176
839.53 -378.70 166
936.34 -264.32 192
-876.95 627.98 217
-298.14 466.72 14
767.33 250.95 11
-929.69 -920.22 278
703.67 585.07 47
521.29 -743.03 252
-627.67 -331.83 198
479.29 163.00 181
-728.63 -204.14 36
438.46 -874.08 25
66.50 -285.56 375
124.97 -983.28 37
615.28 -865.17 64
666.13 922.54 37
262.25 -4.67 73
627.61 -974.30 103
610.03 359.84 72
896.54 -739.56 87
911.31 -985.90 44
-32.69 572.25 388
-485.34 965.82 334
489.55 -296.30 380
672.41 -581.59 196
206.21 -378.09 391
744.13 -378.58 157
899.35 236.61 226
645.50 -451.83 290
916.26 188.15 348
550.22 875.06 101
-473.62 457.26 69
609.73 471.18 241
2.53 613.33 186
50.75 817.07 180
183.45 930.72 313
702.93 694.75 228
-391.77 603.50 94
44.16 387.68 118
361.43 139.74 216
-520.07 -258.95 143
-210.73 954.83 250
45.75 16.21 351
484.60 -528.79 270
287.33 772.45 83
-354.17 908.93 109
-14.80 279.95 86
-659.54 -325.36 147
892.15 -544.36 382
598.44 -925.84 148
1.01 270.24 277
873.90 -768.91 152
301.80 -748.47 226
-503.89 851.68 1
770.44 352.89 190
531.17 69.86 245
-286.66 318.28 196
244.30 301.80 10
-188.15 -989.44 160
343.36 -930.11 145
-471.42 215.00 297
-360.88 -609.79 116
197.55 455.37 331
934.20 784.66 98
-626.51 -405.93 397
97.14 550.28 176
-886.04 697.20 129
-357.71 -174.11 343
-941.16 -930.97 36
966.25 -501.14 278
707.14 757.99 286
943.78 346.66 339
-580.13 445.78 260
-893.49 244.30 289
650.81 717.09 360
362.96 -941.89 333
972.29 504.50 131
428.57 -777.52 90
874.75 -723.69 27
59.11 -780.33 53
-678.09 519.88 13
-925.05 500.11 57
-109.41 532.64 239
-723.50 39.03 265
-733.39 -292.58 169
-64.42 981.14 313
-846.92 644.28 315
-155.00 920.22 296
525.86 -217.63 382
-819.03 -444.75 170
893.67 80.17 334
-80.90 996.34 229
-962.34 820.31 384
503.52 -875.18 204
-135.72 137.67 44
142.80 -614.98 272
759.33 -395.12 191
-247.17 -551.56 362
429.43 -581.71 118
-572.37 604.97 384
-91.16 652.70 354
-346.48 -261.76 4
-557.85 947.51 45
531.48 588.37 245
586.23 -899.72 288
-708.06 948.97 113
343.97 -373.58 73
625.78 -270.00 61
-289.35 -357.46 351
60.52 695.36 196
924.07 703.60 5
-961.61 408.67 164
211.40 709.10 289
746.21 736.56 238
176.73 953.12 126
-640.13 -581.90 81
410.75 66.68 332
-548.75 -35.92 212
693.47 -752.19 60
100.50 746.45 109
535.20 -965.15 361
-966.61 831.11 145
28.05 214.45 383
-914.85 -859.92 214
293.37 -497.85 336
-246.99 161.05 126
-528.18 -342.20 94
-225.07 -109.04 5
458.05 930.85 369
-185.09 272.13 287
-323.71 -557.24 333
701.04 -716.91 365
389.02 -463.00 38
-508.04 -643.79 178
-438.83 520.13 237
200.23 -862.36 324
435.53 834.96 41
-481.19 -951.29 147
-55.09 -215.19 57
-362.22 -107.46 118
-845.64 -269.02 144
-558.40 127.72 131
335.80 -546.25 285
-692.92 -344.83 295
282.75 -643.36 240
613.51 279.21 170
319.80 650.32 298
191.93 -335.31 72
-598.32 826.96 33
-478.93 866.39 281
-15.29 -116.37 184
-220.50 -397.32 93
-770.87 -887.63 94
131.14 640.49 213
816.22 110.20 171
-887.57 -811.58 61
-521.29 -788.57 368
943.91 -669.73 48
-496.02 -935.85 250
-734.49 -502.91 380
223.12 -188.45 155
-559.01 -951.84 41
96.35 545.52 140
436.69 437.91 373
698.23 625.78 74
-384.14 450.00 230
938.72 -647.69 309
-161.84 -169.96 74
486.74 592.58 87
-727.04 -413.86 95
-163.85 -454.70 367
-423.81 514.08 288
-982.24 -873.23 142
784.36 382.49 30
-124.97 731.50 268
706.53 935.30 198
320.54 -391.34 51
-9.06 686.09 182
-657.28 55.39 107
652.88 -362.29 134
969.48 -701.77 256
935.73 816.46 306
182.78 584.52 89
176.55 -894.28 399
158.06 864.01 20
-883.72 557.18 335
421.67 -223.24 315
-915.52 -609.18 113
-160.62 -288.80 361
944.70 -473.25 139
-992.80 717.58 153
862.24 960.88 346
-129.55 299.42 389
101.35 866.08 222
493.64 -186.07 141
-578.91 -790.58 176
97.63 -364.73 147
472.03 -820.86 56
11.75 -366.86 380
146.03 63.51 95
321.51 -871.46 339
352.76 666.25 173
-37.63 573.35 85
430.89 -874.69 244
77.73 999.51 208
-386.52 384.81 159
869.44 53.87 264
-109.53 -212.44 26
-828.00 423.63 353
504.93 577.81 282
-168.86 912.11 25
-564.44 758.54 148
906.49 -396.83 322
-201.88 -994.75 389
-994.32 -304.36 150
-601.43 434.74 108
934.69 951.35 164
943.48 -782.65 214
-429.55 535.87 357
-102.76 559.31 203
-316.57 -422.83 162
-63.45 -293.07 358
-409.59 -708.73 113
-375.04 601.98 297
-721.55 259.19 326
-421.31 -122.53 375
-765.01 -352.09 151
253.58 -699.58 198
911.01 -905.70 108
-180.46 -234.11 146
-220.19 -136.02 380
637.01 798.52 153
-416.18 -989.26 197
869.08 -543.69 341
-169.10 -152.93 18
3.94 -180.46 377
173.56 -669.24 239
766.53 -877.44 108
-790.89 -749.63 59
325.30 -686.88 170
-253.15 572.44 258
94.39 -362.47 350
-67.23 276.47 253
-954.47 -989.01 313
67.72 676.81 79
-476.24 686.21 203
734.49 -125.34 279
364.91 331.40 75
-765.74 -151.40 229
879.70 319.93 68
551.26 -978.27 66
259.32 68.21 146
381.51 197.55 52
-586.84 889.89 331
-575.12 -228.74 220
-573.53 302.84 256
388.10 -632.01 38
-31.77 -703.12 156
249.61 -240.15 82
-654.47 976.07 384
524.52 344.34 171
730.40 494.98 315
-194.98 858.82 76
-363.26 557.91 290
-19.81 619.68 372
-754.88 186.50 335
511.64 -343.12 158
-89.82 -747.49 263
207.13 915.34 162
393.35 -353.98 30
-653.19 463.36 76
289.71 175.51 190
-982.91 638.72 32
-989.14 610.89 250
-641.77 517.20 45
-199.44 941.59 350
370.71 266.58 110
840.82 -824.82 44
212.13 91.89 68
807.61 -900.08 356
794.73 -157.75 336
504.62 625.90 255
-785.03 -818.72 267
691.58 -145.24 382
366.74 -227.03 7
180.76 157.08 272
-755.49 -544.24 369
951.72 -491.81 183
-797.30 -884.40 14
-322.37 -598.93 132
-970.89 -825.37 70
921.20 -936.22 229
-613.09 -461.04 88
-411.30 -286.48 42
211.71 -255.96 212
283.43 -572.80 146
-720.27 147.98 360
216.90 149.27 306
636.83 -394.09 160
-423.20 642.51 103
142.86 -640.06 274
-43.67 -932.00 141
297.65 147.13 146
875.12 600.76 383
17.61 -981.69 385
-181.68 -694.20 22
-619.62 -684.56 114
-168.92 -340.92 266
795.40 932.74 264
-210.30 -149.39 272
844.66 -370.04 245
-729.00 607.04 111
-583.79 -968.44 156
-289.71 -40.86 49
975.40 273.72 38
-472.46 418.38 167
-865.41 -683.40 370
357.89 652.64 94
345.81 -44.34 296
-301.74 -774.53 247
-211.65 804.44 390
-572.80 -470.50 185
627.80 229.77 202
-982.85 953.92 318
-990.54 -355.39 204
91.34 -168.86 232
-313.03 -41.23 204
527.82 -945.68 399
-686.03 -398.85 107
832.70 -300.52 215
401.41 609.67 34
243.69 -229.77 144
-992.55 -915.95 198
230.38 563.77 48
-360.94 -931.09 311
-14.74 377.54 148
-154.58 -80.11 77
-606.86 593.13 249
834.71 -335.12 165
-920.16 834.96 85
-615.77 47.64 20
-276.59 153.48 174
600.15 84.20 146
-887.94 281.84 5
961.73 -671.86 242
701.41 -794.24 32
808.40 870.78 221
913.33 821.10 246
-756.71 654.23 286
-624.26 -416.97 269
587.57 -805.78 40
-23.83 24.51 247
273.29 -451.03 117
249.61 83.96 1
-337.75 575.06 201
-517.44 599.05 386
-34.09 440.11 335
-752.43 -679.98 189
-519.64 -745.66 108
-867.06 649.83 131
-23.04 797.11 339
453.29 254.80 102
-437.48 896.18 348
962.95 979.00 91
890.50 -680.35 263
-697.07 -628.89 224
-488.57 308.33 82
336.53 856.81 357
-339.76 -635.67 285
924.44 405.80 396
119.11 -128.39 124
-697.74 703.05 55
-757.74 -203.53 91
-692.43 -412.88 31
9.37 -637.87 51
500.29 -883.85 237
-643.73 456.04 26
-5.16 314.68 133
-747.37 856.81 310
807.31 687.37 82
313.52 423.93 162
-22.06 217.44 101
391.16 -592.58 123
907.96 37.51 255
848.51 276.71 196
-509.99 528.79 85
311.75 -827.08 200
-20.91 514.21 57
-107.52 516.71 24
-620.84 714.90 241
-596.12 -305.15 156
-325.36 986.51 261
-774.83 -633.90 296
752.07 295.02 183
-559.86 5.89 292
599.35 -825.50 334
943.60 111.18 125
573.90 790.40 134
617.30 -742.61 379
-542.34 952.27 346
684.26 -814.87 137
-86.52 -260.54 103
-805.90 -445.66 177
66.32 59.79 41
536.97 -823.30 356
520.19 -282.57 155
165.75 -315.84 176
417.52 -335.92 175
587.88 -48.13 27
420.39 296.91 23
409.28 -571.52 27
980.53 204.20 291
-971.86 76.45 71
220.68 -112.77 285
740.53 -856.50 232
428.75 959.35 312
-232.58 -272.80 42
806.21 -609.18 317
317.97 298.32 32
-19.26 -222.82 203
-512.19 -721.79 16
120.46 612.84 11
-168.00 -343.42 21
541.06 399.88 142
-922.30 751.09 371
-285.13 -637.26 353
916.62 791.92 115
-169.84 -174.84 83
-618.76 315.53 207
755.61 184.30 72
221.72 -379.25 298
-309.98 -860.16 28
202.06 -971.62 136
174.35 652.27 322
-417.40 -355.82 267
752.25 264.02 130
498.34 -1.43 392
651.78 172.95 250
724.85 -417.04 113
658.25 42.45 260
706.78 -835.20 110
-880.00 -773.67 224
-58.26 -904.84 115
-983.64 121.25 210
-867.00 -125.03 388
-527.39 -13.46 79
-818.05 -736.63 167
-713.98 47.33 361
-654.10 452.80 224
168.37 259.50 321
985.11 -461.47 217
774.16 28.05 225
513.23 940.98 222
418.07 -326.40 52
-298.32 -171.30 381
932.80 787.96 197
-383.89 207.43 203
-359.97 62.90 222
436.69 -580.31 289
-854.85 961.61 34
-519.76 -397.87 197
-127.05 978.21 158
152.44 -584.58 7
