1000 14 400
187.35 -541.80 14
-439.13 352.52 8
-166.54 264.75 20
370.10 384.81 71
553.03 -762.87 99
-581.29 884.46 45
305.34 644.52 40
-94.94 -96.29 85
-170.69 -69.73 89
-174.29 -743.52 34
-451.58 239.17 66
-923.89 -321.33 81
311.01 -249.61 6
-563.89 895.14 11
414.84 -28.05 169
-175.51 940.37 400
-960.02 121.37 318
-37.51 818.17 53
-140.78 -213.42 432
-820.12 -206.46 167
-541.49 -530.63 334
-207.56 533.74 183
531.42 619.31 481
512.56 -787.53 421
863.16 -388.96 122
984.44 802.97 218
-861.63 63.02 204
7.66 -632.62 246
846.61 -822.99 337
-419.97 452.93 121
-736.56 659.78 410
799.62 971.07 82
916.01 -491.56 253
170.38 428.51 325
-670.16 760.06 431
204.44 -667.65 473
473.92 -536.97 490
653.31 -730.58 16
-603.63 885.56 413
487.04 -195.90 132
-649.71 569.44 308
119.97 -799.07 328
-527.39 -465.99 478
601.12 313.21 31
72.85 966.19 191
-191.99 -974.85 460
-958.98 -637.62 168
-660.57 -339.82 344
63.08 -436.32 332
58.02 -999.39 194
474.04 -313.52 267
-668.57 -724.23 319
945.49 866.45 134
-788.38 -102.15 74
32.26 234.66 368
326.58 -877.99 270
-842.34 -107.76 213
-610.89 -581.96 149
-866.70 93.05 232
-800.65 -574.57 407
-950.93 -372.60 62
-917.60 162.33 460
-423.08 779.47 374
-884.27 929.75 471
654.77 454.15 95
-497.30 339.88 74
-585.07 -616.26 449
-703.85 -644.52 430
-667.17 -11.87 497
619.37 -598.86 152
-846.98 711.97 132
-185.83 754.39 233
-546.98 764.03 164
-172.58 -215.06 340
972.23 372.30 92
867.73 -554.49 236
-677.11 205.60 258
-818.11 965.76 24
657.46 -260.48 320
960.69 -778.74 217
-459.64 319.19 390
135.84 989.93 159
920.47 736.08 450
-568.47 -489.91 395
-40.99 -453.23 114
-280.37 -312.85 4
-195.23 -633.29 185
-231.79 -816.28 294
-545.34 216.90 171
-900.69 745.60 186
860.59 -54.54 146
-855.83 -303.14 346
-319.93 30.79 264
451.77 837.34 37
775.87 950.07 88
616.14 246.01 199
994.99 -978.76 231
-907.47 982.67 260
-847.29 444.01 271
-581.77 635.36 64
-239.84 421.25 147
797.05 339.64 90
115.70 2.17 22
-207.86 537.28 123
-818.05 880.73 22
-751.70 -392.56 385
439.31 -922.42 300
-210.49 835.02 360
894.71 468.25 377
-446.64 230.02 275
-117.47 747.37 161
484.54 -265.48 380
-530.63 -104.83 16
762.02 588.24 243
418.68 774.65 453
-965.64 -666.13 116
-964.17 -599.48 213
-672.48 -632.07 476
45.87 925.35 66
24.57 -663.44 303
204.81 733.02 299
446.64 -709.04 333
-131.38 475.26 265
536.97 -402.75 369
479.17 668.14 452
-785.21 -602.71 270
135.04 846.74 86
-621.69 187.05 96
340.37 -501.57 318
537.16 -934.81 401
-80.42 -688.65 141
-93.97 665.58 71
198.83 933.84 93
-271.34 -42.63 171
137.49 697.20 63
889.22 -752.07 161
394.09 848.81 170
745.48 -919.86 75
578.42 -963.81 77
842.52 -446.76 335
-565.90 -684.01 155
-19.50 -856.32 15
647.63 92.32 422
270.00 -376.81 101
660.33 -638.60 203
564.87 -589.65 423
501.45 704.09 292
-743.40 897.15 387
525.13 880.43 295
-890.80 -781.06 364
264.81 -117.47 301
845.09 -167.94 243
671.25 -849.06 369
-175.08 -627.98 6
18.16 -400.13 455
-365.09 -145.42 266
998.60 382.55 21
-38.91 -425.76 107
241.92 207.31 65
42.45 332.32 367
-92.62 -263.16 218
-504.01 -891.29 465
-595.45 418.99 310
-342.51 252.36 403
904.11 259.74 70
-980.65 939.57 298
383.95 800.29 395
136.14 -705.86 150
-241.31 159.95 96
744.07 427.17 203
406.78 696.89 445
-934.63 -15.23 349
-600.27 873.47 9
583.91 844.97 144
196.33 -456.40 264
-761.59 -376.81 57
735.59 -649.77 214
235.33 883.60 390
-986.02 488.75 259
777.52 -337.87 207
588.43 -998.60 5
-799.19 331.64 137
-716.79 -727.04 380
541.80 -765.92 240
929.62 743.83 426
-309.18 -880.79 371
-517.38 299.36 122
257.97 509.38 355
603.20 579.82 219
342.39 -87.50 133
996.40 832.15 148
-188.88 574.02 393
-275.31 -850.09 62
-308.57 -553.45 369
-390.85 -737.54 148
-866.88 -485.70 304
-56.12 -304.67 470
-663.44 783.62 208
-666.98 377.42 354
-873.78 -603.87 268
757.93 -131.69 133
-267.98 -314.86 277
-746.21 -429.24 466
-940.86 -173.86 78
-937.38 -172.34 17
546.68 -715.51 161
-915.34 932.74 275
873.71 782.77 62
130.28 56.55 13
526.84 247.60 53
114.05 -844.48 225
-161.29 403.85 295
-800.23 -658.68 446
801.08 609.67 65
-764.46 193.95 449
-10.83 419.17 289
-131.81 346.96 481
563.46 475.33 315
747.86 616.14 255
-211.65 914.73 474
470.20 -771.78 182
-927.00 -230.87 264
-389.14 584.03 121
449.57 -883.30 156
633.72 713.80 450
908.02 224.77 13
847.29 399.88 29
355.94 -117.34 274
-801.45 -900.51 38
410.26 -200.35 236
775.32 -442.98 435
15.23 586.54 98
-314.00 590.69 8
259.62 703.18 20
761.77 231.67 285
987.43 86.76 294
506.15 -572.01 106
114.41 -774.53 363
-818.54 153.66 203
-777.83 462.81 306
92.01 -762.38 372
255.29 554.61 303
271.77 793.76 375
244.36 -790.34 201
146.03 40.19 38
171.24 769.40 284
-431.50 -194.98 120
624.32 576.22 61
-812.43 358.32 50
-975.83 -804.38 400
612.11 -344.83 386
-829.04 -263.95 257
-410.75 858.64 399
-70.04 -686.57 211
610.28 -611.87 498
285.38 477.46 86
288.19 967.04 255
992.98 -598.19 244
-254.68 -548.14 410
911.25 100.92 106
361.06 893.80 137
-967.16 -889.77 283
-186.25 530.14 331
-478.62 210.67 363
-350.02 506.15 258
939.70 -857.11 373
885.13 315.84 54
576.28 -911.68 222
-373.64 -513.35 56
595.26 243.63 182
-332.19 -837.03 28
892.88 336.65 419
680.84 213.29 496
299.11 669.42 213
269.94 555.28 169
-638.72 -520.49 192
-973.94 -199.32 53
635.06 339.58 225
-958.62 -671.62 435
446.70 -793.27 334
-598.99 738.33 386
-282.75 848.26 406
186.32 -415.94 359
913.14 951.48 323
762.75 564.13 209
-247.60 -472.58 55
-168.07 -767.63 152
208.66 -514.15 249
-845.58 10.65 48
-144.14 748.71 127
-757.68 -898.56 59
-52.95 225.38 78
936.70 61.80 483
-940.61 650.44 385
864.01 -450.06 394
925.47 -73.89 197
569.32 -643.54 350
447.37 478.44 223
-109.04 521.90 40
-885.86 465.19 144
131.81 378.03 72
359.78 727.10 345
-962.65 -20.23 353
-943.05 390.18 407
769.28 -134.13 360
-400.80 -730.77 71
-796.32 654.41 415
118.63 -74.25 96
-748.34 -112.03 420
578.72 -338.36 225
-274.03 48.74 57
18.28 124.73 95
-165.81 -989.99 476
-650.93 813.41 367
893.80 -367.35 293
-915.40 -148.53 120
605.33 0.52 341
442.30 205.54 207
425.89 167.09 455
-327.92 -715.93 319
511.28 -491.68 441
-530.99 -151.04 441
589.77 -905.64 20
173.80 -375.35 299
243.26 150.18 180
-592.64 -832.21 105
-346.05 932.62 404
70.71 -296.79 103
-824.21 445.91 60
-479.48 -3.63 443
358.99 611.13 21
-547.65 -835.93 137
-456.65 -960.94 405
841.18 -123.51 180
-903.74 685.54 248
-551.56 921.69 413
42.33 640.19 409
-841.00 843.93 380
480.82 368.08 429
-991.94 573.29 264
46.91 129.61 186
-549.06 -110.69 380
-993.53 -686.82 381
463.61 -543.38 400
625.23 258.77 80
688.71 283.91 224
470.38 93.48 389
-682.18 -961.00 48
-455.73 -613.82 141
963.99 -45.38 180
854.43 304.97 171
690.79 -673.45 447
450.00 686.15 246
-132.97 98.54 147
-648.43 238.62 416
-135.53 979.86 98
-588.79 -732.35 453
56.73 222.39 376
-775.81 -943.72 373
-637.07 -175.39 297
-985.96 641.04 364
959.53 795.83 353
-818.84 -592.70 351
4.24 -555.71 498
-805.41 969.48 464
534.90 -294.84 348
963.19 -575.73 439
363.75 541.98 256
997.68 543.57 357
44.53 -304.42 92
-178.50 35.62 106
83.83 759.58 38
448.35 915.83 216
-236.98 988.95 189
-420.27 531.48 232
-530.26 -358.62 17
724.91 -867.43 427
567.74 265.24 408
964.35 321.57 160
807.55 429.85 103
-180.70 -498.28 311
-655.69 194.19 49
892.45 -178.75 491
-157.63 -619.50 353
-125.58 332.56 316
-852.96 705.98 224
-595.69 404.89 417
854.55 284.65 361
-616.57 85.67 109
49.96 186.74 461
-72.18 362.16 168
-229.65 885.62 63
440.90 371.07 475
-372.91 -211.52 452
-437.85 796.62 431
746.09 877.62 349
231.54 231.12 7
999.15 -961.36 377
-930.85 402.63 351
661.73 174.47 130
945.31 -854.18 158
-616.02 -61.01 413
-741.57 -941.22 155
962.65 -865.60 49
-694.81 -800.90 296
-911.31 -260.72 180
-544.97 -824.27 362
-713.92 -569.57 354
-103.73 -158.18 248
-119.85 -424.79 60
736.63 734.31 391
311.01 -748.28 1
-517.26 -309.43 439
672.66 -843.81 223
-372.60 953.92 305
267.01 -474.53 200
500.90 798.76 203
-531.30 692.25 65
936.83 526.23 1
541.86 845.27 234
915.34 -161.90 381
-507.98 245.95 189
-569.75 -646.53 123
823.73 -206.27 397
625.78 -372.17 376
448.53 -301.61 260
-980.96 -272.19 205
-783.75 348.31 304
-387.37 -551.50 416
854.55 -484.79 322
-841.98 -110.45 68
-236.30 -945.07 134
7.78 -420.70 500
368.51 -498.58 224
-863.16 -97.87 60
823.60 -339.64 490
-721.00 494.80 301
64.12 -268.29 251
-45.87 780.63 415
724.85 -112.22 192
715.14 159.58 475
-417.46 844.29 7
460.55 811.76 185
148.23 45.38 18
399.27 -141.64 195
-899.17 -114.96 478
-540.82 3.08 427
-332.68 153.60 294
858.21 -1.80 193
-945.74 890.80 278
450.61 598.25 425
-113.13 -719.84 383
574.69 321.39 47
-449.57 397.56 24
709.59 596.24 32
616.32 -230.57 400
-449.39 -34.64 287
411.60 -937.80 479
-618.58 212.07 428
515.98 53.13 229
108.92 -191.26 459
-215.92 -414.47 108
285.87 216.65 137
-346.35 731.80 276
-879.82 538.87 37
251.32 122.65 92
114.54 92.38 385
408.49 -387.80 3
843.99 880.37 220
388.04 -629.99 395
-288.74 943.30 498
-839.72 389.93 485
569.63 -578.84 348
693.96 515.18 323
-878.17 -903.68 489
201.39 663.75 418
246.13 473.37 409
-156.77 237.59 385
100.19 -668.39 102
308.51 -30.61 78
287.64 -592.94 116
188.39 -52.28 186
759.64 -320.96 293
-587.33 -479.29 2
741.87 -105.69 45
455.24 -548.45 457
56.25 718.74 48
-196.08 345.26 346
9.92 500.53 165
566.70 229.10 254
791.38 -676.81 206
-691.27 -498.64 90
303.81 -938.78 486
533.56 512.80 27
821.28 -222.02 232
877.93 -934.26 472
30.06 281.72 467
348.49 -645.13 99
-838.50 218.91 6
21.45 -422.65 329
286.66 996.03 435
821.71 -129.55 139
673.33 -676.56 416
529.59 625.78 62
-339.64 524.58 308
295.88 843.38 496
19.01 -807.00 490
-84.69 272.32 25
513.11 566.39 493
-823.30 883.42 116
575.30 -635.24 466
-981.93 -10.04 404
942.99 63.94 499
-781.85 321.45 97
990.42 -110.75 484
-795.46 810.54 306
-390.24 -521.65 199
-501.27 -969.36 348
-926.63 412.03 323
-395.25 -633.53 420
-389.45 -87.68 433
26.52 -639.39 452
-296.55 -802.61 113
-179.30 -485.15 70
593.37 -481.92 239
910.95 372.60 397
445.48 -970.03 23
545.40 230.32 474
-702.57 627.74 186
38.30 562.91 277
-439.25 -66.44 306
-470.69 -544.30 428
-293.86 44.40 409
-811.15 -738.15 408
99.46 -356.79 98
-667.84 596.85 427
-999.33 -69.67 298
-467.64 -103.31 303
762.81 -230.63 225
297.40 -650.81 151
502.37 -269.33 245
440.66 -695.73 445
-778.07 590.44 154
-813.72 -455.12 265
-209.45 569.81 142
553.39 283.00 1
581.84 411.97 192
910.64 -294.41 303
-816.22 557.36 147
-963.99 -430.22 158
676.50 429.49 132
-200.35 990.84 411
771.97 442.67 55
-33.66 430.89 187
884.82 -966.61 110
-159.64 227.82 109
-813.96 53.74 78
-213.23 53.25 141
152.07 491.87 39
327.43 711.23 282
294.96 959.35 92
761.83 923.89 71
907.28 -49.29 19
361.13 459.76 53
-985.84 -209.39 30
375.71 385.60 161
561.57 -312.66 201
630.18 616.99 457
416.18 -338.79 267
-390.00 -444.44 396
-723.44 555.35 6
-82.61 -315.10 401
-671.25 121.98 319
36.77 -205.18 473
-309.98 -441.21 196
765.74 276.35 59
609.24 -911.80 314
666.07 -84.14 99
-714.65 -507.25 151
-258.83 74.74 489
-718.19 -822.32 455
484.66 316.57 375
-906.43 -413.01 217
731.80 -311.56 281
726.07 -104.40 196
-375.96 -773.43 219
-585.07 -907.59 397
718.86 -913.02 475
102.94 105.26 213
-905.70 -744.68 45
247.23 744.99 308
457.99 -693.17 197
-792.41 221.23 127
22.37 -572.37 445
-891.17 47.21 419
-491.38 -885.74 246
-65.22 562.30 467
331.03 895.44 488
-56.25 -697.13 48
47.94 -687.25 202
545.03 -697.20 361
-202.12 -487.17 178
-203.83 343.36 493
907.71 382.49 169
-80.54 458.60 254
-570.42 -538.19 139
942.01 882.81 278
271.52 138.83 95
-9.74 -654.65 18
90.91 -883.97 350
-835.02 439.80 446
469.22 -901.00 420
-465.80 -51.73 235
324.50 -669.06 390
-134.80 763.12 244
-693.04 242.16 171
-482.71 -362.16 23
299.91 -653.25 329
686.09 698.17 22
-630.36 851.74 156
-822.57 -327.86 478
-170.87 492.11 194
349.65 433.52 481
-266.58 -872.07 229
-967.04 920.77 126
-614.19 876.40 310
385.72 -937.62 95
-473.92 -743.28 40
4.61 -750.42 347
66.01 -742.36 45
-557.05 399.64 386
-227.39 -376.81 88
837.95 3.08 270
-572.62 -726.13 270
869.93 988.46 86
963.13 -142.67 73
-985.78 21.21 211
-854.12 224.77 441
-747.37 -762.50 53
781.30 -600.51 17
-662.53 629.81 31
-574.88 -408.00 84
597.28 -376.38 401
-569.81 -727.84 408
-616.20 40.50 289
97.99 -514.33 160
-155.67 898.56 310
993.53 -252.91 58
2.66 598.68 476
-643.36 203.10 477
402.63 236.92 76
268.96 -406.23 200
55.57 -683.65 92
49.29 -910.89 307
-609.61 263.95 408
-487.41 -401.96 263
-418.93 -872.25 270
480.76 -115.15 258
-729.48 898.25 178
530.14 37.08 260
572.80 -694.81 78
-345.68 751.09 321
-431.62 949.64 390
553.64 799.62 445
-441.94 472.46 418
-107.33 156.53 7
-641.35 -591.97 300
-659.11 -162.39 323
-834.65 653.19 165
775.08 815.55 15
209.45 -639.15 333
-64.79 637.87 218
867.18 -207.50 363
-671.56 864.86 189
271.03 477.40 187
522.14 400.31 253
85.97 -811.76 239
410.26 465.68 436
-803.52 996.83 403
-177.95 -389.02 129
-148.53 -730.28 195
219.58 -980.35 338
581.90 -842.59 465
-544.72 697.44 179
195.84 162.45 92
875.42 -815.24 365
-386.82 -994.75 399
-283.06 452.80 92
-525.44 474.65 402
997.99 880.31 135
608.63 518.91 346
199.99 -82.37 21
800.96 744.19 29
232.34 -532.94 368
141.88 987.67 433
-296.98 406.05 15
-218.91 983.83 427
650.32 -708.85 138
435.71 -417.83 429
861.02 -636.22 85
737.60 760.25 16
968.93 778.68 26
712.27 53.13 125
-64.12 746.09 156
-391.89 -752.86 496
522.93 267.92 430
-812.25 -503.28 290
-794.67 -397.99 119
708.61 -312.11 325
928.71 768.61 107
-600.21 123.81 242
385.97 -445.91 175
-454.21 -294.78 93
376.57 833.12 304
-446.76 -29.15 99
529.71 859.49 153
869.32 -102.51 205
490.59 -270.42 251
574.21 -510.85 391
830.32 -259.38 414
148.41 156.10 138
690.91 102.51 195
-442.43 -48.68 353
-222.63 673.33 426
-336.89 144.20 346
-1.31 309.37 141
297.65 610.83 280
-904.72 318.95 177
-604.72 -627.43 463
-780.82 -379.31 431
-413.07 553.33 75
-94.39 789.00 350
-91.95 -689.44 248
-558.21 470.99 274
973.57 177.10 99
-451.52 928.77 237
-598.32 969.85 414
-206.70 947.33 359
661.55 239.66 200
502.85 -691.52 86
132.05 398.30 441
383.22 -295.63 125
-755.30 -591.97 209
-159.09 -390.91 130
379.99 -478.13 49
-622.18 492.60 217
-41.05 250.95 7
655.75 89.14 242
-840.75 770.87 475
140.42 486.86 414
-858.03 609.61 52
-100.92 -177.65 303
-149.82 929.50 99
-624.56 -396.34 214
-412.27 284.95 233
66.38 -608.45 373
-53.93 645.44 104
214.64 994.32 357
482.47 -21.21 424
-832.51 727.35 219
-898.80 -963.19 426
-818.96 -99.52 101
610.77 426.44 386
419.66 -221.41 365
666.62 -165.01 2
970.64 -938.05 354
518.17 658.13 349
100.68 702.87 467
901.73 499.01 371
-13.34 -138.52 439
318.70 -673.15 258
-999.88 -736.56 98
-950.80 740.96 301
566.45 -604.42 41
834.28 40.31 110
-94.82 121.19 405
460.98 -101.17 216
836.24 659.66 398
753.53 633.96 261
559.56 -291.79 90
-38.06 -405.32 298
133.03 32.14 133
-502.24 -676.93 174
532.15 -628.71 237
-360.03 -885.31 139
930.11 -751.40 381
481.67 -328.53 364
-566.15 472.27 281
248.82 -49.59 456
-796.14 50.63 99
455.67 -686.27 256
919.19 132.60 68
412.15 937.01 414
179.78 698.42 276
-382.12 369.00 324
-89.63 -689.32 368
815.55 426.80 233
-605.33 533.62 463
183.51 483.87 204
-517.50 -101.90 68
-425.58 935.79 325
12.79 -218.60 351
98.30 441.39 80
845.09 523.00 51
-34.58 699.58 272
333.29 777.46 471
-416.00 -725.94 182
859.68 -251.93 444
708.24 -422.16 445
427.05 -191.56 354
-796.01 818.60 440
529.71 350.99 330
-14.25 -256.57 263
-160.99 -246.31 289
-864.86 648.73 280
900.94 -626.64 106
-609.73 593.98 352
-704.34 714.53 367
334.70 -674.61 366
-191.08 -372.23 325
983.03 324.32 216
352.70 819.82 320
-711.11 900.39 358
-87.80 -651.30 26
-346.35 -404.10 337
-77.97 394.76 373
-968.32 611.07 160
-552.35 -324.14 422
-30.61 -258.28 54
-384.08 -319.74 164
119.54 704.76 348
146.70 656.61 94
-301.37 943.78 236
843.81 -709.34 258
251.69 328.90 130
-251.81 -544.30 438
-801.39 820.73 75
-398.79 -402.69 133
221.96 425.34 357
-452.56 -539.96 439
853.69 863.16 360
-112.03 225.62 339
890.13 -433.88 242
417.22 -35.74 384
-248.39 -845.94 469
-308.45 -147.86 58
860.41 -332.01 287
-260.72 -873.23 204
-213.72 812.25 66
475.75 -508.96 61
-445.54 -476.49 477
683.34 -116.98 11
372.78 594.84 11
109.78 -544.54 232
-633.35 -914.24 208
271.16 -497.79 336
-35.92 -900.88 267
176.79 -817.50 452
-411.97 444.99 209
-336.16 477.10 79
-444.38 998.05 160
-401.41 108.86 318
-211.40 433.45 429
-891.72 -567.25 279
365.70 749.08 298
-485.76 785.21 237
-657.09 797.42 111
982.42 -257.12 201
879.15 213.17 48
-649.77 415.45 72
788.63 872.43 190
-625.66 539.78 150
-558.34 -378.70 89
-980.65 10.22 21
-296.18 700.25 101
-364.30 -192.72 469
-406.90 326.21 244
-813.90 -659.23 483
792.05 -475.02 76
343.61 242.59 201
325.42 776.73 344
536.06 880.67 31
861.32 -394.88 475
-888.85 -424.54 26
454.70 152.07 126
-13.64 924.13 218
385.54 279.70 48
683.16 31.95 382
-706.05 -905.45 350
775.63 -933.04 324
335.31 225.87 332
753.72 629.87 451
813.96 -23.53 403
369.61 238.93 116
-34.39 845.39 22
-54.96 993.90 30
-520.55 140.17 249
-878.54 473.49 151
248.45 717.64 345
-616.93 378.09 346
949.83 548.33 386
-377.12 604.24 439
637.07 56.18 7
308.69 582.51 317
-170.69 -718.44 461
-315.96 -926.02 321
-150.24 -892.82 338
-838.74 451.83 58
-343.79 321.82 197
880.92 45.20 209
361.31 -573.78 417
572.80 643.91 172
-682.24 -942.81 290
-394.94 -2.11 364
-712.21 -27.80 150
-290.75 354.96 422
-922.06 948.67 195
556.20 -995.67 190
-645.13 954.28 443
397.50 689.57 420
406.66 792.72 168
-387.49 -133.95 250
634.27 -628.96 237
474.59 362.22 370
796.50 -979.74 487
18.34 -697.74 119
738.03 -821.77 401
797.05 419.42 323
-243.93 468.25 256
825.13 376.57 241
157.26 22.61 426
-651.72 -332.56 399
-833.98 60.09 434
-476.00 348.80 443
432.78 -519.82 254
881.22 -504.14 248
185.89 835.81 343
-192.66 -859.07 339
-154.94 735.71 13
-467.57 -217.81 378
-100.56 765.37 91
396.53 603.63 443
311.75 640.86 46
848.20 566.70 101
-114.05 -213.84 440
-126.19 -229.83 25
179.24 89.02 404
656.73 -816.10 203
-95.86 -500.29 244
-544.54 287.58 161
596.48 -355.82 224
-773.61 -461.23 115
877.68 966.43 304
644.03 -789.97 438
158.24 360.70 372
146.28 -785.27 228
368.08 -964.72 469
-303.45 -656.61 451
-494.37 732.41 496
366.86 -898.50 382
724.54 646.78 492
-152.75 327.86 35
570.79 -292.03 495
838.50 -770.32 414
-904.35 -455.12 358
-778.86 646.66 131
153.78 710.32 40
185.09 -499.86 231
-506.64 837.95 71
-623.10 -252.24 426
519.27 597.03 497
850.28 995.18 484
93.78 -156.10 42
416.00 466.72 226
699.64 500.23 93
153.72 559.25 344
-35.07 658.38 103
-404.46 937.13 33
-806.70 482.47 150
-304.73 337.26 202
407.39 882.99 113
-617.05 177.65 475
-255.47 946.59 349
-455.73 956.30 305
-904.84 -48.80 115
-110.75 541.98 79
893.19 737.11 300
651.17 40.44 441
205.97 -510.24 24
-381.27 -780.76 335
980.96 870.54 400
-80.36 744.80 267
726.07 -848.14 400
-527.39 -26.52 204
-697.07 -168.19 271
-623.52 -4.06 198
119.17 361.55 477
-55.70 -692.07 413
-909.36 -625.11 205
-123.81 -872.01 354
-453.84 -595.14 218
443.22 243.57 79
-985.60 764.82 244
778.37 599.96 154
-177.34 306.92 323
685.05 -102.33 197
893.61 398.48 184
35.74 -517.56 201
302.41 931.09 90
-913.69 51.00 285
300.27 741.87 111
129.12 -597.71 469
-125.71 738.40 65
99.95 890.80 75
