1250 16 100
673.39 -689.57 77
237.53 -319.93 54
824.95 811.46 81
216.59 -864.31 10
773.00 32.62 58
449.45 -522.32 82
839.72 959.65 77
67.17 -767.27 63
955.63 78.16 51
-443.65 81.64 67
392.19 -82.13 35
12.48 -942.01 81
849.91 844.66 27
252.60 736.01 71
-432.48 597.77 80
262.55 -527.51 100
47.88 293.74 109
463.48 757.62 17
886.47 932.13 50
124.91 -814.63 88
-695.55 100.92 106
-803.34 -268.17 131
569.81 831.78 74
115.76 170.51 101
788.51 -346.48 133
22.37 822.38 40
-177.77 -916.20 1
-456.28 665.15 96
571.40 -666.31 49
119.72 -619.07 9
-176.43 -871.27 41
3.69 438.52 136
-457.75 523.91 92
-172.15 45.99 129
-886.23 -346.17 105
218.30 16.82 60
-64.12 772.88 114
637.26 516.53 99
-938.96 940.67 32
664.72 553.45 54
-338.48 -441.21 52
561.02 -810.17 74
98.42 903.81 13
-575.91 30.67 119
-379.92 -911.98 123
822.02 849.79 7
418.07 -241.43 75
-309.00 481.12 137
197.18 -433.58 83
793.88 -407.21 46
-190.04 -744.56 67
380.47 -83.77 123
118.93 -619.43 49
-866.27 -818.96 33
332.38 -582.32 36
270.61 -350.63 46
-140.54 -373.09 130
43.86 7.05 76
502.18 720.94 62
-882.69 700.67 24
785.88 -574.02 121
599.05 860.84 30
692.07 651.72 104
179.78 -28.29 11
229.10 -540.76 113
78.77 684.01 108
422.28 582.02 32
-407.21 -122.96 34
-331.16 166.05 85
-759.58 500.53 57
-765.68 -102.02 19
-974.85 120.58 108
218.05 38.48 116
471.30 710.26 89
-165.62 -680.10 125
-940.06 -696.83 137
596.61 451.03 122
756.95 -66.56 138
-806.45 351.60 9
-264.26 -949.03 137
-219.58 463.06 28
403.73 593.55 133
292.83 795.16 35
-315.59 349.65 126
-486.01 31.65 77
-547.17 -574.27 45
199.93 -729.42 150
305.28 773.86 135
873.59 -928.28 110
722.71 98.79 52
-834.35 676.81 36
411.11 298.44 124
68.58 801.69 81
-581.90 137.55 69
427.66 -469.53 21
-215.55 379.38 111
-330.97 811.21 13
243.75 -666.13 22
-591.91 -877.32 34
-918.15 -8.64 64
446.09 289.83 41
-42.15 -166.54 141
-6.13 -571.34 30
523.06 -689.50 53
13.34 852.72 77
306.19 -914.43 102
585.99 -291.12 80
802.48 728.57 148
-543.50 -598.19 92
-728.39 -156.04 6
-393.60 739.62 37
661.92 -113.32 111
138.89 459.70 68
-422.28 405.74 120
-850.89 609.24 57
559.68 416.73 41
-129.98 413.07 62
383.83 -723.93 138
463.00 -981.02 31
875.61 -923.46 68
625.23 -895.20 139
-890.99 -553.33 5
-45.14 25.12 2
88.53 967.77 141
-996.89 -789.67 149
-677.30 474.35 18
-601.00 159.03 128
-635.98 -477.71 146
-390.42 837.15 65
-361.43 -452.07 56
-958.56 -134.68 40
989.75 947.14 100
554.19 -215.80 66
-449.45 -268.23 90
-713.74 -807.55 39
-904.72 -187.60 65
-752.01 899.41 66
-852.78 571.46 133
-348.55 -324.38 50
96.41 -527.76 91
-310.40 971.31 68
643.12 -749.14 95
681.57 -652.15 38
-702.87 5.28 151
-573.60 594.90 124
663.08 -512.19 60
-494.80 818.35 68
-908.32 -638.90 58
-620.04 -553.82 150
-780.82 354.53 106
724.66 -646.23 15
-800.29 402.87 11
721.30 405.26 62
315.84 212.38 86
-675.65 902.10 94
375.77 -469.59 88
-14.56 963.99 52
120.88 -53.19 95
-712.76 994.02 23
27.50 -426.07 55
610.77 -643.12 13
-358.20 690.91 83
605.09 461.71 90
-817.07 644.28 89
92.26 -147.98 33
-157.63 224.16 130
371.01 911.62 96
-758.48 -372.48 143
935.42 638.97 66
138.52 -764.52 82
641.71 -112.40 136
-51.00 12.42 3
598.25 752.68 101
210.61 -363.99 30
756.34 664.24 12
-968.38 736.38 98
609.42 -530.26 92
69.37 110.87 125
800.16 605.58 11
928.46 -260.96 54
49.10 614.92 43
314.07 -903.87 118
-99.64 -971.68 40
-941.47 910.40 6
-418.68 -785.33 102
-481.80 369.98 102
41.23 506.52 130
-938.72 120.70 98
-775.99 937.01 109
683.16 -556.75 38
-914.00 554.31 106
-553.82 -979.98 62
45.14 -247.23 137
-305.70 -60.09 38
-305.89 -373.82 83
-909.24 295.08 97
971.92 258.28 56
-280.43 151.95 149
-180.21 370.59 43
23.77 -930.05 70
901.06 94.33 137
486.62 958.25 17
-519.94 74.74 120
930.30 139.50 139
-702.99 901.67 128
375.96 -706.11 65
-519.39 -761.10 82
-182.04 -277.93 128
-533.49 -752.13 74
268.90 358.38 113
785.33 216.53 15
-719.66 -580.92 78
-304.67 -34.39 14
-914.30 748.59 18
218.24 858.64 132
795.28 -930.72 99
437.18 -662.59 131
-45.87 -293.98 76
-815.00 -900.45 85
-503.71 185.34 43
739.92 566.52 80
942.75 664.30 139
-898.56 -578.42 45
-146.03 659.05 71
97.81 969.66 87
-700.61 284.83 144
216.41 -864.38 24
-295.02 424.60 27
917.29 -669.36 40
-869.26 -831.05 17
-483.20 -583.30 122
-933.59 766.17 136
-216.83 851.13 117
-539.60 -567.61 145
402.39 -970.40 148
-827.63 956.60 93
713.37 136.57 29
603.63 -668.63 1
-183.14 -315.23 88
171.30 916.99 96
589.10 -344.71 103
-203.83 126.32 117
-475.26 959.35 116
920.41 -417.58 46
-51.00 107.21 52
14.31 -628.22 21
-781.30 -277.02 142
-684.38 -337.57 21
-666.74 140.11 102
923.83 -180.27 143
147.86 5.04 44
594.29 483.63 93
366.50 -147.98 115
-104.83 123.08 36
952.27 239.84 80
47.21 -398.42 88
-233.74 -485.21 18
23.16 527.88 31
392.07 -170.57 131
-420.27 870.24 109
-535.02 -40.74 129
-912.72 -258.52 53
658.99 -40.44 68
556.63 -345.01 33
-967.53 57.04 95
391.58 163.55 149
-43.06 607.23 43
370.28 879.09 27
-413.19 -261.88 124
-579.64 -332.07 92
40.01 677.11 68
-830.81 588.12 64
-619.01 -19.38 57
-751.58 -876.89 87
-605.21 -795.46 83
184.00 722.71 17
253.09 210.97 3
642.26 -161.66 21
-245.16 562.43 142
87.98 -215.06 55
-873.41 552.05 116
-210.00 122.71 71
634.39 -390.91 105
831.35 -912.66 7
-250.10 -644.52 52
-401.41 -854.73 17
-430.46 -284.34 75
-615.10 -728.81 52
860.71 -541.98 89
-506.09 -716.24 124
753.90 -390.55 126
831.72 781.73 131
-35.80 -403.24 3
-337.14 -851.62 46
-244.54 -28.60 12
-756.28 988.10 111
912.23 422.77 114
674.18 469.41 133
-995.42 -275.06 123
-218.85 -364.91 52
469.77 -450.36 21
415.63 -964.60 34
-262.61 953.67 57
451.95 -684.87 71
58.50 -925.17 20
-714.59 869.93 113
-915.46 385.36 44
969.18 646.11 119
-137.18 10.96 88
-425.58 -166.60 83
-7.84 380.35 23
-857.05 844.54 140
-513.47 -935.30 6
-21.94 -160.92 43
661.61 -639.52 92
246.01 -619.19 14
348.55 201.45 71
-826.41 -130.77 71
-802.97 618.09 9
-211.71 -596.30 133
3.51 431.68 57
-597.40 979.86 102
146.95 -560.05 118
-859.92 621.63 58
-423.51 258.28 139
-6.38 -519.09 86
628.16 -513.17 34
439.92 329.26 74
497.91 221.11 144
-235.39 -519.58 110
718.80 362.83 100
224.89 265.24 40
-273.17 -23.16 71
241.19 978.45 132
-191.02 -685.29 87
222.08 -9.86 66
-349.53 -648.37 52
629.20 700.19 70
-404.52 997.38 139
736.26 471.24 19
-153.84 -196.57 33
478.50 -145.60 148
-591.30 242.59 27
-926.15 561.45 95
895.14 -267.49 30
975.77 5.40 5
559.19 -229.53 16
439.44 60.82 36
-566.58 77.00 40
803.34 -754.57 83
-609.24 -221.47 138
-258.58 47.33 52
629.87 -369.43 62
-497.36 -144.26 133
-270.91 -652.15 22
-253.33 164.83 142
-723.99 521.47 49
278.42 -357.10 88
411.24 603.08 133
19.56 -444.99 8
-322.12 -712.52 82
-817.93 139.44 54
585.25 -436.69 31
83.90 -877.68 8
-464.58 -11.99 61
611.44 -146.28 130
467.09 623.22 131
-755.30 -182.29 149
-1.86 787.04 118
64.42 -240.21 145
241.49 598.56 9
508.29 629.32 8
-916.56 447.37 62
84.32 -788.57 26
795.04 -722.40 88
-963.44 968.38 71
646.66 172.09 74
333.35 -529.10 9
969.18 412.76 48
575.18 -863.46 35
88.11 -768.55 43
-266.70 -962.77 90
-980.53 91.22 110
290.51 -436.99 117
987.30 -187.90 67
-390.06 -36.29 74
970.58 422.59 141
-544.48 498.64 3
-150.67 -473.62 136
-221.59 -649.34 65
-448.53 -520.31 105
419.78 854.37 129
-847.29 -980.04 1
508.04 -798.27 3
402.39 -568.53 102
-697.13 -127.90 18
-114.84 -886.10 70
303.20 830.87 77
-763.36 -195.78 65
847.53 314.86 2
-244.73 919.61 133
438.40 -992.74 10
649.04 -190.34 12
870.66 863.89 115
267.62 -635.98 109
184.42 27.13 136
254.07 676.44 37
749.20 410.50 51
848.14 -437.36 125
-336.34 897.15 76
846.13 -76.39 66
-620.78 -70.16 146
-791.50 477.10 129
271.71 -179.78 1
264.32 512.62 71
-955.44 624.13 111
135.84 -704.03 11
-397.08 -831.48 117
-346.05 815.85 105
633.41 23.04 35
-104.40 975.83 141
817.38 -867.00 108
-191.75 338.97 16
640.06 728.75 80
435.71 379.01 105
-613.45 -764.64 4
280.92 -865.35 5
-610.83 -507.55 77
578.36 -552.23 140
-844.17 -108.31 46
955.20 -154.27 81
920.71 -688.77 40
388.35 850.46 139
660.70 -786.25 54
757.07 313.70 9
-28.66 231.24 15
-96.04 537.46 149
-366.25 -763.60 37
-798.58 -307.72 150
492.60 -454.39 118
418.99 645.80 124
642.02 758.23 107
-542.89 1.68 131
-859.74 -925.11 65
-496.87 -811.82 110
-210.91 982.54 50
618.95 61.74 37
174.96 216.35 77
-51.91 -35.37 120
-577.50 -852.53 38
-125.52 -257.91 133
-790.52 450.42 19
-173.56 -865.23 149
781.49 331.22 77
253.21 -534.53 28
242.35 -7.90 140
-147.62 -112.58 21
-475.88 620.59 143
644.40 902.95 72
-587.33 274.03 25
-770.32 -354.59 30
71.32 -169.29 109
-227.64 -202.12 94
-83.29 948.97 131
176.06 -756.95 106
-296.61 962.65 46
817.07 856.38 72
-479.23 -900.14 100
310.34 513.90 122
349.83 587.02 43
365.15 -358.75 150
-890.07 -656.12 116
-908.87 -274.15 89
-993.90 -659.23 43
381.88 -591.78 12
-290.69 518.66 90
-506.94 -698.17 65
718.68 724.97 149
889.46 -179.85 24
415.51 -361.86 135
-890.99 -737.24 83
-927.92 -609.73 32
40.01 -521.84 49
675.59 805.72 131
-134.01 830.99 55
119.48 -900.88 32
-729.24 -793.57 52
-648.85 -229.04 140
541.12 -369.24 57
689.93 -449.69 13
228.43 28.78 38
5.71 -180.27 82
-733.51 925.05 90
-986.21 254.80 61
-849.24 773.61 142
850.95 -317.42 149
209.69 323.59 58
601.37 649.95 71
-606.98 -754.39 80
791.99 -848.93 128
-382.85 402.33 83
-687.43 638.84 38
-214.33 -98.36 8
7.05 -911.98 14
-590.99 669.48 140
556.38 744.01 137
-487.66 -32.93 68
499.98 -479.78 104
-488.33 -682.42 12
555.89 60.64 127
-805.54 931.94 113
-937.38 500.41 86
-883.72 197.85 28
617.73 -800.84 99
870.60 -636.65 65
85.73 -573.78 38
50.87 -545.58 49
342.63 403.06 138
557.60 -28.47 142
653.68 -495.77 43
452.44 -743.10 146
715.38 29.88 51
81.51 867.12 1
-637.01 -954.89 53
-71.50 -932.62 31
-989.75 -416.55 21
-134.68 -51.97 78
-699.21 279.21 121
393.11 -119.36 19
451.64 484.12 74
-638.54 352.28 149
620.29 -621.57 3
-232.70 -125.95 127
564.56 764.52 59
816.16 -85.54 13
-847.83 373.27 145
729.61 905.88 23
-844.48 879.39 3
-946.84 564.32 31
488.27 651.48 37
-294.96 297.46 83
-141.09 815.24 143
965.27 603.63 9
-24.69 726.31 38
279.95 -660.39 131
187.60 -311.14 1
-601.00 -200.35 96
56.73 -38.06 79
230.14 958.01 83
24.63 21.76 25
-877.01 232.89 121
-600.88 943.42 68
349.65 -23.59 149
-505.48 -122.84 51
-435.59 835.51 115
-758.11 178.26 90
267.86 415.81 80
150.12 -951.48 34
3.27 559.13 108
-593.49 -181.62 136
-557.42 -734.86 93
413.92 486.13 37
-88.78 109.29 74
-596.30 88.11 21
516.16 -836.97 15
-789.36 -850.95 40
121.98 -816.95 129
-923.89 -892.70 61
-777.70 -573.35 90
728.87 -528.92 93
-478.50 -851.25 101
212.81 -203.34 86
31.65 -134.13 1
248.45 -373.09 1
945.43 104.16 40
-425.21 551.81 27
-277.50 820.43 143
-27.25 -213.35 67
970.58 251.32 44
767.75 -624.81 133
65.46 -143.41 21
801.81 546.62 56
-711.23 525.19 39
-600.21 152.38 87
-191.69 562.18 78
984.01 722.53 18
350.51 413.80 115
962.40 759.70 36
-850.64 -124.00 108
-414.96 694.57 45
964.66 -92.93 130
-129.25 -307.72 130
887.02 -609.12 6
-289.65 489.61 107
543.87 -487.72 9
-897.27 898.80 121
-568.47 -934.32 95
-581.53 790.15 65
-318.77 -726.62 59
872.13 -489.61 28
-130.95 786.13 92
-735.83 55.88 142
-253.15 731.62 55
-225.32 152.56 41
262.43 209.94 81
407.45 -53.56 59
-808.95 765.19 52
845.09 525.19 25
-620.96 335.00 71
226.66 232.28 108
-757.26 -754.81 146
-39.52 -58.99 121
-969.05 -772.09 24
-627.31 -618.70 38
689.20 -554.37 90
-969.97 -492.29 26
-783.38 -650.44 151
-797.30 8.88 124
425.58 -855.40 74
-593.49 -357.65 102
-749.69 916.32 93
-470.44 -621.63 119
-538.25 -645.31 65
-41.41 -394.63 27
-932.49 733.82 44
-374.37 140.48 136
-926.76 619.43 47
-759.76 741.51 32
-106.17 940.86 29
417.89 -502.37 93
784.54 -186.19 137
195.84 115.21 17
464.22 -899.04 83
811.76 -17.37 102
871.33 -613.39 133
837.46 228.43 11
-19.01 79.07 122
81.64 36.96 44
-929.14 -19.26 90
-667.59 -492.66 103
-2.90 -859.19 151
-734.92 -422.04 21
186.01 370.71 143
939.21 -753.35 85
413.31 712.21 136
-501.33 742.36 103
271.03 -346.17 60
-773.13 -301.68 74
-224.59 236.61 59
232.34 991.58 70
88.05 -367.11 23
-980.65 991.94 118
-939.57 -432.66 86
-739.62 769.46 124
-480.39 327.31 131
-502.24 -425.09 103
-861.87 -667.59 115
-493.09 897.21 17
-374.00 551.26 110
901.79 -139.93 7
-904.11 709.89 126
501.39 -105.69 128
34.76 495.35 108
-734.31 -233.01 52
-385.17 50.39 94
-515.61 413.19 56
349.53 250.04 133
627.12 -153.90 121
583.24 785.39 16
79.07 974.12 139
-733.94 -792.72 115
-854.18 671.56 14
-863.28 57.59 12
-533.37 188.51 147
82.92 279.64 65
570.48 192.18 135
-688.47 511.95 95
3.51 -341.65 59
293.56 -128.03 36
-510.12 -274.27 44
-502.24 683.77 75
216.83 738.46 50
-51.24 -453.96 52
-191.87 286.23 55
881.95 422.53 122
-882.99 -650.26 24
475.57 312.66 37
878.29 -69.67 63
-935.00 787.96 129
763.91 30.79 107
640.98 -509.14 3
735.16 -189.49 136
43.18 856.69 102
-976.01 -584.95 129
-652.52 -928.71 21
862.42 -376.57 10
740.29 876.03 138
-542.65 321.57 55
-51.48 -479.48 57
-67.60 139.74 65
-722.34 203.28 24
270.30 646.11 18
-229.77 -36.04 15
956.72 -496.26 95
-829.46 -532.27 74
-727.90 241.07 102
-471.24 686.39 146
-716.48 989.81 96
637.32 -607.65 50
773.31 -29.27 61
328.53 884.82 126
-118.93 903.81 81
-790.70 -286.05 96
-637.26 129.92 143
930.97 -385.85 82
-657.40 316.02 108
829.65 637.50 129
501.27 413.68 12
979.49 861.08 43
-947.14 -686.21 46
-372.97 263.89 25
868.71 624.81 17
869.62 683.95 144
950.93 -538.44 107
-446.52 427.66 65
403.18 307.54 126
-49.23 -642.32 118
329.14 -845.21 81
72.48 382.12 146
968.57 494.37 6
-252.11 459.33 46
-895.81 -443.71 30
-914.67 769.89 89
-411.48 -246.31 59
-110.51 -167.70 96
-1.19 -197.85 32
-716.42 -684.07 149
-815.12 -274.51 99
-568.83 367.78 54
-929.87 -835.51 87
-885.25 681.14 146
756.89 333.29 38
-739.74 -460.62 106
-975.16 859.07 136
548.33 -87.37 146
-60.82 -141.15 115
270.55 -370.34 17
755.24 -815.91 80
830.68 -69.49 149
-122.59 68.15 51
993.77 -414.72 5
-463.42 679.92 94
415.45 486.31 149
-643.97 -424.91 130
-624.13 438.52 127
-678.03 994.38 45
257.24 -968.38 142
118.93 -368.33 21
385.17 -767.14 34
-428.27 143.71 52
655.93 935.36 60
318.16 -469.28 7
139.74 -609.79 100
56.31 -145.12 148
839.72 -515.37 49
29.33 -190.04 40
242.59 456.34 111
68.58 -322.31 49
-526.60 -890.32 77
-228.98 443.95 84
-989.56 -836.85 44
-515.49 -446.21 121
-719.53 268.29 9
-34.64 212.32 124
-714.47 745.41 74
108.37 -469.53 40
-34.58 -572.25 128
277.69 430.65 113
-484.18 447.55 50
740.78 306.19 100
624.87 582.51 60
772.39 -767.39 130
-206.64 160.68 73
407.21 -704.34 104
-165.87 -256.20 88
-176.98 -409.65 83
-463.67 125.22 37
-816.22 -97.45 126
597.28 840.14 68
713.68 -739.80 125
503.65 637.87 32
-941.59 685.48 20
347.51 465.01 96
-131.02 -157.69 39
-171.30 -300.58 123
264.63 107.39 87
-813.23 -90.43 56
650.81 -859.43 137
760.61 -457.50 110
-475.08 -446.33 147
550.10 -81.27 31
-341.17 11.20 15
-200.66 -25.54 104
-356.73 307.41 29
-516.40 606.56 142
-527.39 -113.44 93
-86.40 -524.95 100
881.04 -830.56 27
723.81 -30.24 96
772.21 163.06 32
527.76 -14.74 102
-443.53 410.20 137
-235.57 -563.46 40
-224.59 -360.94 86
-34.33 324.99 42
304.73 740.84 106
-900.69 -112.58 42
-70.65 -808.59 49
-960.14 177.16 118
-565.72 992.31 35
828.91 586.96 47
-207.56 -121.92 109
-528.31 -424.12 141
-179.97 -812.25 63
-183.32 462.63 99
46.36 -346.78 48
-168.19 -164.34 28
767.75 698.05 15
585.07 169.16 128
-426.50 883.91 23
687.19 860.04 60
-710.75 165.93 29
136.08 375.35 33
-460.74 -145.48 59
-357.04 766.05 51
225.68 887.87 35
-114.29 710.99 149
-585.19 447.43 48
-33.72 763.05 126
-345.13 340.07 95
899.23 811.64 34
-120.70 -813.47 94
-520.49 -777.21 6
-977.72 -463.36 53
-385.85 -101.54 20
538.56 -168.19 81
-589.40 -121.49 33
431.81 907.35 59
239.97 330.79 84
-602.77 711.97 146
-112.03 90.00 64
533.98 382.18 33
-979.98 -431.56 74
22.74 982.97 29
-232.52 113.01 9
-550.22 370.77 140
545.34 -17.49 60
-661.98 -999.94 40
-521.29 -689.87 144
166.78 -676.38 19
-694.51 950.56 143
-19.38 990.42 49
578.54 240.33 29
845.45 562.85 136
666.55 674.49 108
165.75 -786.43 49
699.09 564.62 93
-526.60 70.04 53
461.04 159.28 7
990.72 -201.33 70
-422.22 -293.62 12
-695.61 -81.33 138
-620.29 788.81 151
118.14 -556.02 87
857.05 202.67 1
520.49 -961.42 4
-648.79 -63.45 105
-223.91 -832.15 129
-659.54 684.13 33
553.64 -0.21 77
97.20 49.90 40
11.26 297.71 71
394.63 421.74 138
505.78 -496.63 144
-948.91 -356.43 131
-865.54 884.76 139
-818.60 377.67 14
103.43 -732.78 9
827.94 -358.62 132
294.35 -268.04 58
411.42 696.71 22
625.35 993.41 98
-568.35 -496.99 23
117.71 223.36 62
303.26 -422.53 5
239.84 105.20 57
-611.01 573.29 80
354.17 -859.25 3
-562.18 -540.39 112
-809.38 -58.75 121
996.09 -908.44 86
461.41 656.67 108
194.92 -535.08 18
-733.33 -905.70 108
-133.88 299.17 6
70.16 690.79 85
-541.43 29.82 136
995.91 -418.38 88
-34.52 81.58 33
-735.22 -183.26 137
280.31 666.98 128
997.86 535.39 81
324.93 -416.61 136
-381.33 -92.62 34
-813.78 793.08 102
935.12 -900.39 10
614.98 -766.35 91
-79.81 706.05 135
816.64 560.66 147
499.25 -777.64 68
-228.61 -381.57 12
-471.97 -489.49 131
584.64 -368.63 32
-130.59 29.15 71
859.55 -361.19 130
-707.14 158.48 136
-957.52 828.06 145
81.39 466.35 15
363.57 -608.33 132
982.97 500.72 125
642.08 603.02 32
744.07 -98.48 39
-910.03 210.49 10
-849.24 550.16 61
576.95 -739.25 47
-458.78 -631.58 115
871.58 -696.83 43
379.38 494.74 124
395.12 871.82 18
955.81 -856.26 147
259.07 -573.29 137
-155.92 760.19 16
67.48 -185.03 124
654.53 -656.42 120
-610.64 -967.71 104
129.06 -688.10 60
-798.21 -113.01 109
969.97 -773.00 19
-783.14 -677.36 117
234.84 382.00 18
-911.56 915.46 71
-82.06 -106.05 62
-704.82 -344.77 81
-285.56 -190.10 127
265.30 813.04 22
-812.43 65.22 51
-702.51 -267.68 115
-123.26 -816.10 66
-710.07 11.02 1
-458.60 -367.84 67
462.69 12.05 93
993.04 -29.33 30
-593.13 208.96 58
-937.13 663.20 102
154.45 781.12 130
-554.98 -179.54 30
795.71 378.58 75
689.99 554.98 97
-278.30 -676.08 125
-247.60 236.18 99
-910.15 -41.54 65
470.08 -984.62 12
846.80 -372.17 61
-584.22 -207.25 25
-148.23 178.32 123
976.38 -433.45 1
569.51 60.34 27
-485.34 94.76 83
-307.17 -550.77 67
-679.31 -745.84 50
174.90 -543.14 136
995.91 660.15 90
-274.88 -241.98 124
202.86 -747.92 49
131.26 -943.85 68
-408.67 -83.29 21
33.11 2.90 125
-568.96 48.31 46
266.76 720.57 68
-697.56 500.41 99
851.80 -792.05 26
353.80 -99.03 17
-628.47 879.21 71
-612.17 40.44 73
-859.98 -445.54 1
638.90 251.20 124
-586.47 631.15 102
792.90 -378.64 41
235.39 165.50 96
-162.57 780.45 49
554.80 -553.33 123
958.31 -891.96 97
-721.30 -417.65 126
-828.97 -200.29 39
155.80 903.13 16
944.33 -478.62 74
95.74 -130.10 46
-21.58 658.93 61
-43.55 -106.66 139
-189.86 -348.06 48
223.24 287.82 19
260.41 -137.67 25
619.25 -254.74 40
183.32 -899.59 74
-232.89 -533.25 136
-240.27 -420.45 111
-176.00 687.86 105
-40.99 930.11 7
780.14 24.63 81
-986.75 237.71 1
-899.41 103.06 145
65.52 121.01 6
846.61 562.97 144
815.00 -116.43 108
-412.40 0.27 105
-766.78 -987.85 43
-438.22 978.88 87
-473.86 2.90 87
-96.10 150.73 51
-294.41 -80.78 39
-407.15 31.22 81
670.77 483.69 123
321.39 319.56 130
828.49 115.82 88
-989.99 -901.49 133
253.52 -587.88 71
426.01 33.36 130
456.53 -634.57 18
574.27 -935.12 144
238.44 387.68 65
454.15 -679.98 129
-887.39 -807.98 64
669.48 273.42 68
-375.53 -954.95 136
-507.19 859.19 113
839.66 75.53 42
-432.66 482.53 12
-443.22 -528.49 12
730.34 979.49 76
-319.68 -238.44 109
-289.10 764.52 42
-89.69 205.18 61
945.19 -58.14 39
-275.86 871.58 105
-294.41 282.51 116
-216.16 503.34 30
421.00 945.37 133
-342.33 -999.27 92
704.76 -116.06 67
-658.56 568.22 37
474.59 292.46 94
-243.20 -507.19 24
877.38 -552.05 40
-560.78 416.36 21
784.78 152.87 149
257.12 77.12 28
644.64 924.38 130
474.84 -919.25 97
-290.51 361.80 14
-958.37 -443.10 13
374.61 1.25 27
896.48 832.45 62
-221.17 691.52 109
-418.20 -264.14 77
-779.47 339.09 43
810.85 108.55 89
-448.96 32.50 100
-930.23 770.50 66
791.50 -691.21 149
-875.24 -164.22 27
19.68 -77.30 146
-319.56 -864.62 92
342.63 -828.73 92
-339.21 835.08 9
758.90 861.45 64
898.86 390.12 67
-827.69 635.67 35
681.75 996.15 87
-5.77 846.61 95
-147.86 -66.68 55
914.30 734.06 31
-736.08 -90.49 122
-212.74 571.52 109
-417.22 -66.50 92
-589.40 -49.71 34
955.14 -357.77 131
520.62 719.60 52
200.72 -377.48 63
855.83 539.90 141
154.76 -653.98 122
-128.82 -205.79 51
851.74 -859.80 18
-103.18 979.19 59
-344.83 385.36 130
459.40 -78.71 99
-560.17 117.10 93
377.91 480.45 43
779.96 -328.53 136
-638.29 -938.35 39
41.29 -817.26 93
417.46 511.52 145
557.05 -107.52 104
-325.97 -928.28 1
947.33 -411.91 130
504.81 -743.83 122
-634.27 324.02 98
-687.31 48.80 117
-727.23 -872.62 108
303.14 -45.99 112
-507.43 910.34 134
-757.68 398.91 136
-930.11 -450.36 37
847.96 -943.91 77
35.37 -698.23 147
316.08 -934.57 91
882.32 -355.02 62
-173.07 -864.62 95
592.76 -462.08 144
917.11 -644.83 44
-321.70 -805.17 48
629.51 487.59 49
-824.34 61.13 146
588.18 798.88 10
-899.11 -27.68 111
853.27 361.43 21
779.78 -249.12 75
-163.00 485.40 93
971.43 981.63 129
955.50 -244.42 43
54.72 -335.06 119
-694.69 305.52 7
-15.84 122.59 42
735.89 719.05 87
509.32 -825.62 99
487.84 -456.59 87
531.05 -531.17 108
339.52 92.87 132
-311.20 181.49 122
-809.75 -746.57 90
-408.49 346.60 95
-533.56 631.52 74
762.75 106.60 55
-87.01 -140.48 74
627.06 -598.01 96
-523.97 -560.53 138
-40.07 -667.65 15
347.64 414.53 123
416.61 -156.29 55
73.15 663.08 148
289.16 -207.68 54
174.90 957.70 108
-228.55 -950.62 1
-736.08 372.36 75
982.42 391.40 85
-649.83 406.54 127
66.26 722.65 45
268.84 573.35 146
-902.28 -53.74 38
65.65 -577.50 137
523.67 788.02 90
79.74 285.13 104
720.69 -667.41 52
-425.40 685.48 96
190.77 -787.65 83
-650.32 622.30 116
199.80 -473.37 25
67.90 16.82 96
-455.43 939.21 27
301.43 -182.35 8
856.07 -770.93 46
787.47 787.47 60
-336.77 123.45 70
343.61 -875.30 49
-398.91 758.48 45
566.15 -951.66 108
-98.18 855.10 131
81.27 -464.03 75
904.29 -98.79 102
-18.95 -178.69 55
9.31 558.40 41
-591.54 255.29 115
543.93 406.90 43
-692.86 -12.60 97
-375.84 -745.90 1
370.04 861.81 17
582.26 815.00 151
-540.39 210.49 125
-913.02 873.04 127
480.94 102.69 104
-0.64 301.07 114
111.48 -666.37 3
506.27 -192.85 143
-810.30 -747.86 67
425.70 -769.34 93
175.02 -314.68 111
-983.83 887.26 61
-825.56 974.67 63
-590.69 -893.00 76
833.86 733.63 149
-836.91 -26.64 124
-842.52 -370.77 93
656.00 -398.79 52
312.78 -474.78 125
358.50 -653.98 99
-71.87 -47.21 37
-320.90 -648.37 48
574.39 -652.33 90
335.31 -913.82 27
258.89 59.97 63
297.59 220.62 118
-872.13 -949.10 26
546.80 630.36 15
404.71 -303.14 15
419.05 -304.36 141
139.68 467.33 49
443.10 -310.65 64
-128.88 -314.19 87
545.03 -877.68 94
31.10 366.44 69
564.99 718.01 31
-860.59 -500.23 144
-562.85 457.32 24
-246.62 382.37 73
-608.63 122.65 67
36.84 902.34 12
380.29 -772.27 136
924.44 -648.43 151
-122.17 394.76 95
438.22 592.21 108
481.19 385.78 123
17.43 -501.94 95
624.56 357.89 15
-12.48 -211.16 38
439.74 744.62 138
-212.74 903.93 92
-389.69 -284.89 21
526.23 -302.90 32
-769.46 684.56 17
122.78 -297.65 95
-569.20 -914.98 31
-83.47 788.32 60
-868.40 815.61 146
-487.59 431.01 90
-22.37 -286.60 41
946.17 834.89 42
-461.04 285.01 136
-689.50 -17.00 127
-502.91 48.01 17
2.96 -363.08 2
-996.95 416.55 37
-8.03 -407.33 38
-35.37 -635.55 34
-793.27 -622.61 31
-73.64 369.61 103
-417.34 294.84 121
-286.29 -369.61 102
