1250 16 200
-430.65 993.29 7
832.15 -438.15 14
861.08 377.06 57
275.92 250.53 20
507.37 633.41 29
724.30 753.29 42
-634.82 952.09 4
701.22 -413.56 46
294.60 495.28 15
-851.86 -485.34 42
408.55 139.38 24
-39.83 654.04 58
-202.61 -892.57 21
163.06 213.97 95
128.51 -212.87 99
381.21 428.69 46
74.50 -624.74 44
376.14 -158.91 28
-957.88 -566.52 4
405.93 -814.45 89
-587.63 223.24 145
-776.48 915.10 58
-291.36 67.60 11
-56.86 189.61 127
37.20 -789.91 181
5.04 129.06 110
36.96 957.76 48
-680.47 592.76 93
-310.16 553.88 30
-389.32 921.69 32
-74.86 483.08 20
265.66 225.81 139
251.38 4.67 149
-124.36 -838.98 149
-80.72 906.74 92
374.80 -27.92 179
607.35 -997.25 171
502.24 130.04 56
-420.70 28.05 166
-528.37 410.75 117
-62.72 -440.96 64
485.21 -0.15 78
239.97 -348.92 105
-670.71 417.28 139
618.21 295.94 136
-21.39 -21.21 133
-147.37 -193.15 137
-829.46 408.12 105
927.85 -914.43 32
-457.93 324.99 25
598.07 667.29 126
392.44 -82.19 167
737.48 723.93 16
702.51 409.59 132
955.02 -912.17 123
950.68 195.35 19
379.31 -923.76 56
770.62 18.22 179
914.12 -283.06 92
841.98 -492.54 78
-122.04 134.31 118
-151.59 78.34 72
23.47 -391.40 182
-878.84 -162.94 58
732.47 -580.31 149
965.64 -0.27 15
953.73 277.08 44
-108.55 662.65 56
-563.77 173.68 93
-717.34 -184.12 125
270.42 130.22 29
-295.63 508.47 11
923.46 -231.48 57
-702.75 313.82 30
-899.29 -780.76 88
-192.42 -49.35 88
-871.82 779.90 113
-7.17 -660.88 150
-617.85 -757.74 36
-322.06 768.73 166
844.66 156.35 80
865.54 -534.90 57
380.96 739.56 166
-722.95 928.46 150
75.41 924.31 44
767.63 -788.08 147
-832.70 417.34 59
467.09 84.57 2
-944.33 -134.80 110
505.11 -995.61 74
-264.56 538.25 16
-976.01 -709.22 155
-859.13 -396.28 23
-873.71 55.88 131
455.31 -684.32 13
-313.39 -396.34 59
-255.47 542.59 2
839.90 -635.49 111
544.05 249.43 121
-322.86 -731.01 88
515.06 -916.93 170
498.64 -988.53 112
-755.42 -659.90 36
-866.76 177.89 147
937.99 -431.56 161
587.82 946.35 149
398.60 120.64 6
-113.25 -720.94 14
551.56 387.07 102
-345.56 -551.07 169
101.41 -559.43 133
-972.17 -363.02 170
-36.90 -327.07 144
-884.46 454.51 71
126.68 -57.16 86
692.19 820.37 61
-146.52 -957.46 77
383.34 -70.96 49
808.04 168.68 83
507.49 -688.10 88
157.81 803.03 109
-756.89 483.81 60
64.91 229.65 17
138.77 623.83 157
608.94 -928.95 130
-575.67 414.41 67
261.15 -17.37 53
367.72 -191.69 68
832.03 239.91 64
298.62 354.72 80
-417.71 -352.64 130
145.30 50.45 133
-822.75 -769.52 161
645.74 -270.00 16
-379.50 -198.22 102
54.66 29.88 170
478.56 966.25 55
-577.32 199.56 38
-146.21 694.69 58
-379.07 -259.99 109
-75.05 -492.60 162
-525.44 274.39 44
707.14 -188.57 49
907.28 -548.20 113
-766.17 283.36 96
-876.28 298.38 102
-116.37 -367.96 136
-167.52 -490.77 184
311.38 -140.42 113
-423.63 -19.56 131
-348.06 517.32 49
-350.44 -355.57 23
589.34 678.21 184
-918.03 -335.31 165
-221.05 661.73 14
21.64 -499.86 117
-775.08 -792.29 53
-215.00 -473.49 99
-205.91 50.45 57
132.79 -953.79 158
351.91 940.92 33
204.69 -118.20 67
-726.92 357.28 90
-727.90 578.72 78
568.96 677.91 23
-717.89 797.17 56
-170.69 -278.18 158
-672.60 987.79 153
855.16 -468.37 184
930.48 188.39 6
-501.08 343.18 47
626.94 -16.69 42
97.45 -906.31 19
-973.02 594.35 162
-791.38 -173.01 85
-434.31 964.84 4
420.15 197.91 60
-215.92 -185.34 179
12.60 224.77 3
-544.66 223.00 138
-498.58 718.56 21
-563.83 -402.08 152
786.61 -299.05 49
-966.55 -838.31 112
66.62 -158.12 40
181.31 -431.81 178
-933.41 767.69 118
70.53 -774.04 22
-255.65 -752.49 18
313.27 577.14 168
719.66 22.49 109
512.62 225.20 39
-526.47 637.38 4
-516.59 669.91 124
-866.45 -672.29 175
596.12 -261.88 58
-351.48 49.84 152
-971.68 -148.84 83
-385.30 -630.85 33
373.03 287.45 121
190.28 397.02 67
301.86 839.96 166
-320.60 -469.59 43
83.83 -28.60 54
-269.26 661.12 170
948.00 0.09 173
927.73 -978.03 102
-184.85 -760.25 135
97.63 -810.30 158
53.13 -366.31 50
-813.10 -799.19 36
-119.30 -497.79 33
-711.72 -474.78 155
114.66 -173.99 158
611.80 19.87 34
361.80 255.84 9
-881.59 207.62 162
763.24 -972.29 166
429.30 543.08 118
-754.14 420.03 158
735.04 986.88 136
176.61 -436.08 22
15.78 464.64 57
-399.64 565.36 80
178.93 883.36 70
-877.50 -744.38 66
993.29 570.12 173
-781.73 -274.58 113
-813.04 533.37 15
-432.42 -657.46 156
32.81 -924.62 123
-824.70 -522.81 75
-580.86 257.12 88
790.46 -105.99 67
-947.26 -216.59 169
733.45 979.19 11
-701.16 287.21 96
936.22 895.44 176
498.64 993.53 87
-969.85 -346.72 111
-345.50 594.16 126
949.95 198.46 8
392.50 -897.15 58
990.72 -800.10 154
-650.75 747.98 181
826.04 521.65 175
839.96 -163.06 132
-100.38 -368.57 49
-913.82 -748.53 95
-887.63 689.44 144
680.96 -954.04 118
70.77 -986.75 9
577.26 784.66 142
-394.94 -703.05 151
-26.95 5.40 124
51.85 -400.56 142
-737.60 795.71 40
172.40 -11.81 170
994.26 -842.04 82
-197.67 49.90 35
-232.09 -122.10 77
-354.66 534.71 39
-547.78 -765.37 166
280.74 417.95 48
289.22 -630.60 59
-288.00 902.89 5
589.34 -308.57 181
879.88 -406.05 180
-911.56 612.11 173
-247.05 496.75 104
-131.93 -598.80 81
-852.23 -105.75 11
-708.55 -690.91 156
-444.01 -235.82 170
927.61 -464.28 104
230.32 481.61 23
-825.92 -582.63 5
-152.75 354.17 19
495.96 -422.59 161
474.72 305.58 80
123.63 12.12 62
-423.99 -988.40 158
948.06 397.08 105
630.48 249.61 17
-536.06 -437.73 29
-108.98 -601.31 15
194.56 -664.36 29
-914.61 -827.39 94
331.10 -946.59 113
-254.31 -970.89 3
-408.92 -772.27 57
574.33 -466.66 143
-212.81 395.55 114
-930.17 -496.81 56
-445.78 303.32 1
798.03 -717.09 52
-639.39 -446.46 164
445.11 -768.79 123
-428.27 906.37 157
389.87 -284.28 66
-801.39 838.44 54
-778.13 832.76 36
295.45 -32.62 165
667.47 -35.86 2
21.64 -204.81 66
-984.62 398.85 127
403.06 -833.00 133
606.80 -174.66 78
64.97 -873.23 18
517.69 805.66 25
-82.74 -270.91 164
-522.87 -392.13 75
-802.97 -909.54 62
563.77 265.42 180
669.61 -220.62 179
573.11 684.99 101
-599.48 803.64 131
-610.46 304.30 144
-404.28 -791.19 89
481.67 -557.30 52
-195.78 -101.54 83
-982.18 352.58 66
-449.02 -21.94 9
-677.30 310.04 11
-546.62 960.81 103
711.66 -863.83 53
-667.65 800.53 158
398.72 558.03 146
5.83 192.05 155
430.59 56.31 141
-404.71 142.49 174
692.68 556.93 91
-458.91 731.38 181
229.35 744.80 130
352.52 476.55 109
651.17 176.98 89
-329.26 75.17 113
534.71 -17.24 120
742.30 -273.35 133
689.93 -978.39 97
-863.28 32.07 66
-760.92 170.38 89
753.78 842.28 12
859.55 -819.64 138
85.30 650.20 158
547.84 534.29 110
-403.00 -561.45 52
-891.05 188.15 16
204.87 555.10 178
-481.98 -738.76 165
404.71 440.84 163
584.03 879.94 33
913.88 -865.17 91
-773.43 -254.80 152
-46.48 -329.87 101
-601.31 -173.31 30
787.53 -989.44 174
503.77 -865.60 65
-907.22 -692.19 18
-683.40 -958.49 167
409.96 229.59 98
-828.24 367.90 159
567.61 -823.30 96
779.90 642.38 97
-160.13 618.58 144
723.93 -113.32 93
-76.57 775.99 4
723.50 -840.88 139
877.01 -265.42 41
-617.11 208.84 151
181.01 7.11 120
612.11 -826.47 97
-683.46 851.31 51
-524.16 -444.62 174
-32.14 -470.32 70
-862.97 977.72 66
-620.35 417.34 44
62.78 -285.81 43
-205.66 682.73 106
-988.95 -59.79 163
-492.72 -574.45 14
756.58 329.69 149
161.90 -89.94 109
298.14 266.82 166
-295.63 129.31 78
-327.86 806.09 104
190.65 -372.30 99
-284.22 842.65 109
-377.00 544.48 101
-558.09 11.08 165
454.27 469.28 24
348.19 -155.61 184
-429.55 173.50 140
234.78 968.32 165
709.04 848.51 78
-794.24 -190.53 145
-368.39 -609.91 1
-283.06 724.72 61
205.11 775.26 70
-928.59 -150.36 66
-908.99 -78.59 148
891.66 582.45 171
-732.29 -136.63 34
68.15 696.52 109
-655.81 865.41 29
-245.09 880.12 32
-165.56 466.72 20
-612.72 -733.15 117
483.99 -319.50 139
-294.17 -486.37 103
-362.04 -117.59 150
614.92 434.92 37
750.66 586.41 11
647.51 382.06 32
-279.64 557.48 108
-907.77 698.78 66
-967.28 -188.94 128
-282.57 946.84 82
-32.93 237.04 37
750.11 -570.36 136
-394.15 124.49 38
-415.81 -908.20 12
347.82 991.33 63
852.23 389.87 146
-702.44 93.66 184
-752.13 472.15 153
552.11 -940.55 39
87.01 -791.80 4
265.48 498.70 48
-717.95 537.77 110
-293.25 446.64 40
444.50 -500.05 33
576.10 -653.92 59
454.82 421.37 179
863.16 212.93 88
315.35 -681.39 36
-228.06 -82.49 27
-334.45 876.46 117
-59.11 391.16 55
-749.57 627.61 56
-385.54 -709.28 16
136.69 -546.31 97
-183.14 470.87 105
-181.62 -521.71 92
-809.63 -228.55 37
-204.08 -896.48 153
-754.39 -613.51 71
997.25 -416.55 115
568.41 671.86 122
787.71 -608.45 51
-700.19 946.84 143
540.21 972.05 91
194.62 875.18 11
51.18 514.82 31
-982.91 -356.91 77
750.11 413.86 132
213.72 -377.67 176
-97.93 -693.35 150
942.20 774.16 4
-897.21 -699.09 32
903.07 -40.62 54
555.65 -583.00 90
250.22 -175.27 44
154.70 -325.97 105
407.82 281.53 139
-470.99 856.07 23
140.66 -964.29 31
173.56 80.48 146
964.48 413.43 27
-140.35 -911.25 80
-812.92 103.18 136
929.20 -48.13 64
-199.99 -338.36 177
77.55 867.79 147
-667.53 943.54 104
81.94 189.06 118
-105.69 -722.83 16
-130.71 991.64 73
215.80 -537.03 135
606.31 641.04 124
793.21 765.80 69
370.71 -823.11 25
518.60 268.29 36
687.12 166.54 56
660.27 483.44 115
-974.06 -769.22 64
18.40 -743.89 92
525.86 -35.43 15
-246.01 -45.50 46
-49.29 -288.25 49
-963.13 19.38 70
-505.17 -137.49 6
518.42 349.89 114
-263.71 266.40 71
969.73 -993.29 184
76.57 248.33 44
474.35 563.16 139
-366.62 829.40 154
586.11 -625.72 72
25.06 -665.09 166
-900.94 -678.58 37
51.55 -125.89 1
-214.45 465.68 41
-811.52 444.32 146
882.02 769.34 79
312.97 901.91 181
-501.14 858.58 80
428.51 998.35 167
-257.18 -37.51 169
-402.45 -643.67 72
-578.72 -84.63 121
-924.86 -95.74 113
-998.35 -290.38 59
16.75 -847.96 11
265.30 -224.83 184
354.41 -977.60 163
86.28 -801.14 30
-245.83 -997.13 19
220.25 724.48 4
-774.35 -597.03 171
165.99 -152.75 49
-790.28 -260.48 17
306.50 -115.57 92
67.35 -19.56 109
-101.72 810.30 149
85.30 802.18 27
311.99 152.32 2
647.08 -588.18 171
-523.61 -411.05 78
349.41 -903.32 88
-2.23 -666.43 116
-185.28 747.67 62
165.50 172.34 164
-981.93 401.96 124
-738.94 403.97 55
-643.85 -377.97 182
-486.01 152.26 63
-309.79 514.51 137
-57.59 836.66 163
-556.38 -350.20 140
-571.21 -751.34 134
773.25 320.35 77
965.21 -65.34 36
122.17 -281.66 149
-699.33 682.55 41
-661.37 -21.45 103
-505.36 103.73 15
268.23 861.51 8
-631.34 -166.54 146
543.93 406.84 6
-196.20 -995.42 34
458.66 -597.64 12
509.75 -379.38 36
-442.43 -745.23 152
533.74 521.29 118
-812.98 54.54 145
-358.32 -956.79 9
-73.64 -446.88 67
36.41 -516.40 7
865.72 -334.03 113
927.24 319.44 146
-679.01 225.93 133
486.62 81.15 139
-950.19 -703.42 44
-34.03 -940.73 114
598.74 654.04 58
451.09 905.76 8
-677.79 -685.42 101
-837.46 911.56 123
-881.10 476.73 166
602.10 560.78 95
-724.91 -800.41 57
-542.47 -880.31 57
251.26 818.60 78
263.04 774.16 24
27.99 741.08 119
609.67 426.25 131
11.69 130.53 162
-526.23 952.76 10
717.15 317.97 145
-784.05 -238.26 183
765.86 830.81 14
262.73 -884.40 75
396.04 948.67 126
657.83 -843.26 65
935.18 -65.22 65
-186.25 -855.89 184
783.07 -202.80 165
160.31 -686.09 110
645.74 -139.44 164
-785.33 -714.71 166
294.53 -175.27 159
-847.59 -722.59 115
254.92 597.34 69
475.88 -153.17 1
800.29 -727.65 171
115.27 638.11 18
-304.85 -575.06 170
-494.49 -978.64 138
-460.68 -335.92 64
106.42 -289.22 112
-428.82 -628.10 1
-270.61 776.67 160
-366.44 16.39 56
147.07 121.92 155
-50.87 598.74 86
42.82 -250.16 43
-364.06 -57.47 15
660.63 -755.06 115
-226.29 -105.38 179
-217.81 -916.75 62
-447.86 -661.31 139
149.08 920.77 44
852.96 475.45 7
403.24 139.07 75
-228.31 -659.96 78
-704.82 -99.34 152
-654.16 -730.77 36
554.31 30.00 166
347.15 233.38 169
-321.76 449.93 184
692.13 -121.62 38
231.12 -95.43 17
-941.95 -985.47 46
-709.83 548.51 57
920.10 403.85 101
701.47 -76.82 142
-301.68 277.93 167
40.62 127.11 162
271.83 321.63 65
-113.25 -136.39 3
-977.29 -874.87 108
-563.22 776.12 150
81.82 -403.79 160
-111.73 -707.69 14
-208.17 -218.67 41
-372.42 -635.79 1
846.86 220.74 131
345.07 240.09 150
351.85 605.52 61
-2.04 -994.69 136
424.91 -630.12 56
311.99 319.19 136
186.93 -817.07 142
501.57 -190.10 112
300.88 353.92 155
343.91 -781.06 20
-117.89 187.48 138
-80.48 859.55 49
855.71 560.47 28
-524.40 518.11 52
933.47 -299.54 89
232.09 -158.60 158
-423.26 572.80 27
782.46 -248.94 177
-156.71 674.49 75
-708.73 -219.52 98
-852.05 -349.16 7
211.58 665.27 149
-61.19 -771.23 59
981.81 -693.04 63
-644.46 -236.61 108
369.67 607.84 38
-650.07 464.83 95
-942.44 -104.04 157
-252.11 -642.02 46
-44.83 978.39 160
585.38 -511.95 159
-157.93 517.99 164
986.88 -942.81 76
522.87 -314.13 173
143.83 325.17 176
-21.45 -863.46 5
-171.91 468.12 6
-732.29 -453.29 178
-402.51 422.47 158
419.42 -508.77 46
-332.19 291.97 36
-484.05 -438.15 100
586.17 -585.74 125
840.88 603.20 46
-407.09 923.09 90
-389.63 -989.62 41
-841.30 -151.65 80
-328.96 -559.07 75
-126.62 -277.38 118
-121.98 -703.05 11
-100.25 555.89 94
-81.21 183.94 107
832.82 156.22 114
367.23 -509.63 4
-720.94 353.01 93
-9.06 520.98 73
-964.23 982.30 70
-958.31 491.74 65
661.12 762.69 115
-314.92 421.55 93
-270.91 678.33 75
-880.92 -232.03 81
412.15 -557.30 57
545.88 -182.84 59
-525.86 -706.78 174
-758.35 -409.41 120
-457.32 -990.72 40
771.90 630.48 31
-91.34 913.27 54
-833.43 714.53 22
322.37 941.59 162
-138.89 -410.69 171
574.27 927.79 1
662.95 436.81 111
305.15 -743.77 133
-818.29 -736.01 42
-251.44 -715.63 122
303.81 971.25 133
-797.91 -360.52 41
-343.36 -236.24 73
-781.79 -80.78 93
-160.44 -923.09 174
-960.63 722.83 184
748.47 531.72 134
-69.00 -449.69 57
841.73 878.72 129
-961.12 -808.89 121
-67.11 674.92 104
464.28 22.68 171
-697.26 815.61 160
-341.11 -589.22 139
848.14 -733.70 1
-752.43 -609.42 56
881.47 656.73 52
-767.39 -736.01 34
-693.23 58.02 134
476.24 -73.64 88
479.54 -479.84 102
-358.26 878.11 94
-640.13 41.05 51
654.29 241.98 43
838.13 833.92 82
462.75 -63.02 127
597.64 291.18 25
-296.61 -288.00 34
-158.85 -824.64 152
23.04 261.76 176
877.25 536.85 125
-423.93 384.26 73
-786.43 927.43 112
805.41 -651.30 136
-336.95 -112.58 76
310.10 566.33 62
301.37 -311.81 128
-363.20 -448.41 20
168.43 -840.69 131
461.65 -723.99 158
-379.25 372.60 48
100.68 596.18 131
-515.12 -763.05 78
-144.57 -258.46 137
-134.80 942.32 57
-391.52 113.86 41
887.94 906.49 95
-411.97 -859.07 118
-943.72 -297.34 63
569.75 -116.98 115
-494.67 599.54 158
-776.91 766.59 25
-473.01 -897.09 38
96.77 464.28 128
-463.00 -514.82 171
115.33 -196.57 36
-575.67 -21.45 184
-317.91 -82.00 40
212.56 346.23 1
800.78 907.90 58
419.11 -828.49 33
-713.86 -708.43 7
674.86 -321.09 137
-608.75 774.71 167
310.04 468.31 158
-727.35 563.46 8
976.93 -547.90 120
910.09 -119.66 72
210.24 -209.69 27
629.02 -268.65 122
-620.65 -35.25 173
506.27 588.67 178
-997.19 577.01 178
909.18 733.70 87
-863.34 238.01 160
486.13 -191.69 24
753.96 297.10 156
337.44 888.91 130
958.37 -619.56 31
97.63 -612.23 111
-230.02 26.46 70
-491.07 -456.59 157
334.27 -636.95 10
7.17 436.57 97
987.12 29.94 33
-874.08 612.96 81
-89.88 641.96 68
404.52 759.27 1
379.92 -715.38 101
-793.45 706.47 165
101.78 -933.47 133
674.55 -409.04 56
-921.99 -118.14 33
203.47 -480.82 60
134.68 -489.85 3
-427.35 820.67 147
-124.24 245.77 65
-529.28 183.57 155
697.26 660.45 53
-158.06 890.01 5
-174.60 105.50 166
-484.60 263.53 176
394.57 408.37 136
208.90 556.14 106
-401.29 -840.51 96
-528.31 -918.45 170
-809.50 271.28 112
695.61 704.89 111
-693.59 367.78 58
235.88 65.52 61
-974.24 289.47 4
186.01 -597.89 59
-538.44 -188.82 162
698.17 -198.58 11
799.01 832.51 33
183.45 371.26 40
775.32 54.54 20
-489.91 482.04 139
-101.23 753.17 57
-302.77 83.47 181
-528.06 951.05 41
-175.33 -563.52 49
-526.17 326.70 139
-804.74 -350.38 171
-188.45 825.50 101
-553.70 430.34 56
-370.71 412.82 3
561.14 699.33 50
506.09 -25.85 9
-171.24 421.55 48
-264.20 277.57 121
992.07 -563.40 173
718.68 -581.53 100
358.07 462.02 113
39.58 -486.86 77
-223.85 58.81 112
331.83 850.09 90
-641.90 430.59 170
-238.93 492.48 79
-114.17 -274.33 82
172.52 704.64 18
256.57 285.81 112
-131.08 797.05 150
-674.67 267.49 37
882.50 302.47 22
347.88 -474.41 155
-282.63 54.23 132
169.47 818.29 4
119.66 992.68 14
592.46 -458.48 110
-265.24 622.91 27
231.24 562.85 71
780.02 238.87 181
-112.46 555.10 152
-650.26 563.59 181
-703.97 -215.61 184
-74.19 -416.24 13
248.57 -176.61 172
343.79 331.77 45
860.04 400.37 173
-891.42 430.34 24
338.42 802.24 111
816.64 -368.88 70
-691.09 174.05 70
-225.68 576.34 36
-218.48 -46.72 184
-47.33 -135.47 141
-523.06 -210.43 126
437.91 -558.89 102
-299.17 883.54 8
775.69 619.92 178
521.16 977.72 155
-685.35 920.47 160
-85.54 504.32 93
-920.96 -370.83 49
-949.71 879.88 66
-903.32 -191.63 101
231.06 897.15 81
-280.19 637.13 39
-554.86 837.64 134
-439.25 722.71 85
278.79 -425.70 146
462.63 617.91 88
306.74 796.38 38
696.22 -528.12 46
-691.34 -178.69 28
562.97 776.73 44
972.59 -491.50 52
39.52 -199.07 1
406.60 -190.89 94
275.67 774.29 62
-964.66 -273.90 19
903.62 -546.37 155
553.94 163.00 150
476.36 611.26 29
804.01 568.53 5
-810.91 488.81 178
972.84 676.32 20
584.52 -389.51 125
-357.10 253.76 129
-534.71 -212.32 104
-805.54 -143.96 139
-25.97 934.32 65
128.39 -619.68 54
7.72 690.54 138
-712.64 -11.87 105
-939.88 -925.47 6
958.19 -52.34 16
-519.39 -300.45 96
-316.93 -590.38 52
-750.91 752.62 176
552.96 301.98 109
951.60 -814.39 18
-962.65 675.53 124
-60.76 667.41 154
286.66 -804.32 130
-74.92 36.35 54
-435.77 307.11 21
-240.46 528.18 98
-717.15 -852.35 105
83.71 -816.58 120
279.40 811.03 152
234.96 810.24 131
-284.46 291.30 67
-576.28 -54.05 104
-408.06 653.86 148
-935.91 -329.45 179
550.89 898.98 23
472.33 128.03 132
-318.58 882.63 24
-801.75 461.47 12
668.08 -230.69 49
-725.09 -192.79 174
96.53 76.14 84
908.44 278.97 67
-703.12 665.58 33
839.11 -247.29 30
-984.68 316.93 170
-971.68 984.19 78
708.43 -7.97 176
-276.71 409.16 83
-398.11 -130.65 123
560.72 -865.47 33
-902.10 -103.73 154
-542.34 384.81 165
-101.05 -747.18 22
834.04 263.10 134
596.24 -14.98 155
-516.28 380.96 91
-307.29 396.65 24
-602.10 -57.53 69
347.58 -160.01 56
-697.81 -499.68 3
788.20 -435.29 87
-155.67 -928.10 169
-408.55 -476.85 3
514.33 -128.33 154
131.75 -262.92 104
741.57 -175.82 78
685.84 256.57 146
445.78 528.67 157
219.28 -864.01 107
-130.41 -309.61 137
-991.03 466.54 74
40.01 479.72 12
226.78 -415.69 123
943.60 59.66 151
-321.45 -622.30 85
-291.36 -92.81 139
301.00 -617.30 72
-987.43 771.66 183
23.35 -653.68 142
-173.80 -567.37 184
448.04 394.88 112
-277.50 -920.71 158
-252.48 -881.83 88
-443.04 386.15 135
456.83 26.52 138
629.02 459.15 8
-276.77 -799.19 143
701.77 16.94 76
295.27 -213.23 62
-250.89 -293.44 65
-650.26 -463.73 87
251.01 583.12 28
-583.00 -881.28 69
-461.29 -245.83 174
-583.48 661.43 60
332.99 257.55 102
414.96 187.66 54
-517.32 649.83 75
407.51 545.21 172
-756.34 787.84 139
-538.99 313.21 101
-513.23 132.79 96
-815.36 288.31 129
246.50 -152.38 165
967.53 -266.40 155
-743.34 244.61 112
-12.30 873.90 34
-171.12 -983.21 87
909.54 -609.91 25
-145.91 -587.02 136
687.55 156.65 101
103.18 -671.80 57
244.42 417.40 144
614.80 445.84 146
231.67 277.69 158
-959.90 -681.94 93
866.70 29.33 150
-381.51 -127.72 38
217.99 692.43 85
-778.74 -481.98 178
-464.58 -513.35 98
896.66 -929.99 124
535.08 999.63 178
798.88 325.91 22
212.13 833.86 176
565.78 614.37 48
6.68 758.42 149
-650.07 -807.00 102
245.83 92.99 168
-925.72 287.58 121
-22.74 481.19 121
312.85 65.28 147
843.62 -397.08 155
-249.61 186.50 63
-223.30 990.05 173
692.74 -984.07 54
-736.44 -810.42 161
837.64 -635.49 171
1.19 -676.69 153
-275.37 -993.10 86
-831.48 856.26 28
-793.39 -553.15 102
548.27 381.39 1
-819.21 -283.49 106
576.46 680.47 133
930.42 -344.58 162
-657.09 497.30 139
-989.87 -628.41 156
-153.17 606.49 54
909.54 681.69 1
693.29 121.25 47
996.89 520.55 123
-860.77 -181.80 126
736.50 -155.19 151
-788.45 -194.31 184
126.87 685.23 176
-217.44 383.34 119
985.53 972.23 98
240.33 678.76 171
348.00 -170.14 132
991.09 852.96 118
-884.64 -559.98 36
718.80 -406.72 56
412.52 -416.85 123
366.50 506.82 26
-826.35 -188.02 72
-570.91 139.50 112
489.49 152.20 182
-377.67 -69.67 8
488.51 512.80 146
558.40 -291.91 21
-766.72 -134.80 81
-31.83 610.64 120
-463.36 974.36 67
-484.97 -208.35 65
-1.92 -719.47 2
592.15 -759.64 169
174.84 -307.96 9
936.28 -287.82 176
-117.53 800.04 28
678.03 -584.46 178
421.49 629.08 83
-175.63 961.55 146
295.63 -276.96 136
395.37 415.69 75
977.11 405.50 66
-250.04 342.75 120
728.75 -319.93 1
-700.43 -246.86 44
-329.57 -289.90 107
-941.65 -900.27 119
422.28 382.55 70
-420.21 -820.12 130
-982.42 -627.67 122
-981.75 222.82 80
-385.48 626.15 46
591.78 838.74 57
-917.72 532.27 94
848.38 -882.81 170
-939.94 486.37 25
113.56 -753.84 12
824.15 -654.90 157
-438.89 -177.40 77
-495.16 -357.95 156
761.10 -204.63 164
122.90 -341.11 38
-439.80 -29.15 56
-193.70 -233.99 41
-998.17 -534.35 8
-334.15 102.02 19
-70.89 669.85 123
-614.80 -80.66 26
-796.50 426.92 113
886.29 -981.38 145
349.16 499.86 117
-302.96 886.90 38
154.76 225.81 175
-860.47 -310.95 169
-416.79 -188.63 109
410.57 -607.96 154
497.12 -758.54 100
305.76 -727.16 39
-535.69 511.22 161
980.53 127.78 134
503.83 -901.24 171
5.10 -87.80 41
324.50 -476.36 67
-696.89 541.37 139
643.97 725.21 160
-385.60 -567.25 144
803.64 -884.09 108
140.42 310.83 179
369.55 -259.68 53
271.77 79.74 131
-26.15 273.72 140
-998.41 450.18 22
-437.67 -134.86 128
-943.42 726.74 62
718.38 315.10 51
169.59 -19.01 133
78.65 37.57 121
533.92 994.32 20
301.49 930.42 165
558.95 -892.09 134
-170.93 -76.82 116
-151.59 717.09 28
-932.25 -164.65 117
93.36 835.81 152
831.11 -492.17 56
557.30 -805.05 34
-793.02 224.89 63
290.99 -34.82 139
-328.47 -540.64 158
-611.13 -332.19 171
523.97 -784.78 101
-257.06 -594.96 156
-182.78 -52.95 20
-885.62 -550.28 162
-851.37 -538.01 17
175.15 738.52 108
210.00 605.15 7
-279.21 -838.56 179
126.38 -858.94 148
-221.17 980.71 117
-414.84 -671.80 2
-928.95 -502.55 171
-176.73 480.94 75
-501.51 464.95 1
949.71 586.96 128
-758.35 966.31 89
-913.39 32.75 120
964.42 -204.02 34
-342.08 949.71 91
-278.12 -959.84 142
-904.11 866.33 12
-243.51 806.70 6
-477.03 499.68 32
-335.25 153.54 28
843.13 -120.40 105
689.14 -544.11 25
400.37 -166.42 59
376.32 985.29 86
179.48 408.86 102
801.20 -393.96 116
-318.22 -670.03 109
229.96 464.77 166
-634.27 -673.27 146
742.30 -383.83 121
-863.22 374.55 130
-805.23 937.56 85
-935.54 816.77 73
239.78 689.81 170
-460.55 -770.01 115
-835.51 -71.32 137
-289.35 10.53 91
336.16 913.33 121
517.81 -762.08 76
-725.64 941.59 2
198.83 676.26 112
82.98 -75.96 171
63.14 40.38 141
394.39 728.75 150
824.76 144.81 52
379.56 144.26 18
-862.42 -491.87 168
-14.98 -526.35 96
417.28 -337.32 73
643.60 -480.94 12
-184.00 -936.09 25
-495.22 -680.17 13
600.51 -643.24 134
-998.72 -303.93 158
401.23 87.37 50
-444.87 -315.47 110
-878.90 1.50 77
-315.16 583.61 12
-50.81 89.27 159
951.54 796.08 180
-819.33 772.88 41
323.71 -774.53 101
-358.32 343.73 1
907.77 -109.23 19
708.30 -820.86 85
818.84 -70.22 126
-555.71 -336.22 82
521.35 -492.48 140
513.05 354.66 96
485.70 -411.24 128
-512.86 9.92 115
746.51 317.67 161
-747.61 -96.04 155
-845.15 -872.13 25
605.46 617.54 109
-956.48 -72.42 119
154.76 -515.12 59
916.68 -978.70 120
-521.90 331.71 48
-108.68 91.10 178
-566.94 -682.97 179
198.16 -189.00 43
801.39 836.36 52
-649.59 -229.96 33
-672.41 803.52 19
859.68 -432.60 154
-65.28 465.93 112
864.74 479.66 44
-284.83 -546.49 104
-1.92 -770.62 164
457.69 -714.53 127
488.57 -643.48 3
-777.95 -706.66 74
-855.10 -240.21 134
73.64 -870.60 9
727.47 387.07 104
-221.35 953.06 52
546.56 55.70 24
-700.92 -717.03 67
-820.61 -766.66 68
-447.49 616.26 45
