1250 16 300
-742.61 428.21 51
381.51 482.96 33
783.68 79.87 83
630.30 -193.21 50
578.17 947.33 67
237.89 357.65 35
-384.81 686.70 78
657.40 -230.99 87
-912.59 46.30 32
-383.28 678.52 67
-852.60 508.41 99
-492.54 -851.62 44
-758.35 467.82 29
223.61 296.85 18
-538.19 -829.77 56
468.61 588.00 38
951.60 -204.44 260
988.83 -94.88 20
490.59 -175.94 233
-23.35 177.16 133
-823.79 420.70 38
-733.45 189.61 295
893.92 -734.31 387
168.37 -455.67 129
256.08 -706.53 130
100.31 -215.31 163
-855.22 -569.44 225
-156.59 718.74 165
-828.61 897.89 239
491.99 214.94 117
-491.68 206.03 52
-724.85 -550.34 194
914.18 -114.05 186
612.72 12.67 130
602.95 497.60 323
-694.02 -329.87 55
160.68 810.05 216
892.51 -800.29 223
-768.79 -513.84 379
165.32 792.54 103
432.23 -609.97 141
925.96 318.89 337
-832.21 -984.86 53
447.86 523.55 207
932.19 753.65 157
-867.31 -795.53 87
-408.43 -957.34 294
-310.28 886.90 135
245.52 -914.06 131
-891.84 -321.51 276
850.40 -901.18 11
979.55 139.44 310
-910.21 128.03 16
-395.79 -640.61 321
244.61 -316.51 54
-958.37 270.55 59
-695.85 959.11 181
75.53 772.94 179
-481.67 543.87 260
230.93 770.13 26
-736.01 502.79 307
730.16 950.01 41
745.05 -232.46 16
-126.62 353.80 20
909.18 -807.61 210
-978.45 -299.05 73
294.60 630.30 316
-606.43 -666.80 363
572.74 -765.19 32
-480.45 -246.68 155
-429.18 134.50 174
663.62 317.48 372
798.27 -91.34 124
-902.77 939.51 374
205.42 177.28 105
12.79 -64.91 13
-667.53 -664.36 226
372.60 -376.20 11
396.53 -715.69 269
-665.27 -738.21 322
481.92 -837.70 377
-659.54 -445.54 191
79.32 -151.89 17
729.85 -355.75 363
-980.77 -411.48 348
134.86 -670.71 349
-383.59 807.31 335
119.97 -395.55 329
-170.81 -817.99 165
855.89 662.04 283
-304.97 704.89 271
274.03 -485.21 49
-520.80 915.46 351
-597.77 636.89 235
-881.53 -936.83 328
680.35 -270.73 263
903.93 862.79 61
-755.79 139.13 54
180.33 -987.37 308
705.01 859.86 255
-609.97 994.63 294
75.59 -351.30 181
307.35 -888.55 291
-527.82 -115.51 336
-949.89 507.80 211
-717.58 584.77 304
-339.82 -705.01 114
905.03 775.02 170
-28.53 -872.37 44
-834.65 -611.74 362
-622.00 890.74 252
-635.91 -668.51 219
-771.48 821.04 367
-146.76 530.75 44
155.43 -362.10 225
320.96 911.86 76
-53.50 -643.60 370
846.19 -364.06 194
-160.92 -351.79 37
-495.65 742.85 258
-397.75 149.39 330
-875.48 902.71 148
-269.02 -755.00 156
956.60 -498.89 354
-247.78 -169.35 44
761.89 15.35 86
286.54 619.86 100
-562.24 -149.08 388
372.60 -25.42 115
-20.54 731.01 82
-105.56 241.92 259
-385.24 626.58 235
-999.21 424.85 226
579.76 328.90 228
-573.35 -40.25 129
-526.78 346.54 180
-134.80 655.69 12
-304.06 111.61 246
244.54 -268.90 104
389.63 747.98 173
-809.63 605.58 322
795.77 143.83 349
350.08 -80.05 59
-699.33 27.07 233
-134.07 -578.97 284
-123.69 417.28 180
369.30 96.59 244
-591.36 474.90 210
-334.03 -451.52 123
-211.46 -371.56 25
54.66 280.01 210
858.39 194.92 221
206.76 610.58 349
627.06 -241.92 181
994.87 -441.57 305
-174.90 -410.08 309
830.50 505.91 65
-875.24 -362.35 288
219.28 26.83 123
-550.10 306.25 81
601.86 168.07 301
988.59 -307.23 100
383.77 977.78 384
-940.06 -677.72 151
605.70 -576.53 317
-886.47 -950.93 336
-772.94 -715.81 194
-888.30 -130.83 6
-266.82 383.16 159
-385.42 -810.54 161
-16.75 911.01 99
294.23 -129.00 254
143.04 -192.05 236
610.89 -650.93 28
-560.90 -507.37 289
230.02 -407.88 131
-413.19 883.66 201
-297.77 -163.43 207
-676.14 915.10 370
211.16 -821.34 195
784.60 -156.16 382
-925.35 468.43 121
-282.39 -161.05 284
-591.97 -217.44 356
-961.24 -122.35 309
171.61 303.87 87
167.82 -898.31 72
988.40 954.65 18
274.15 -239.23 358
869.56 -131.44 225
-800.59 -64.00 103
-416.61 -4.85 55
690.79 -354.17 2
-904.90 53.38 85
-92.50 -57.77 100
540.03 -51.48 156
217.93 -549.06 94
-179.05 877.32 226
319.44 752.37 236
394.88 -69.61 79
956.30 283.49 66
-622.36 300.27 232
213.84 322.37 314
-991.03 473.80 326
795.77 335.98 370
20.42 274.94 270
-915.83 -208.11 152
799.98 -417.16 3
-603.38 -307.17 108
686.09 223.79 68
934.75 -153.23 66
-490.77 180.88 72
721.85 -515.85 291
880.00 -870.05 347
595.20 523.79 300
-57.89 640.00 254
-693.29 -174.84 154
-371.26 428.33 370
-756.52 -606.25 103
-882.26 -919.06 161
455.67 -22.19 244
436.93 885.25 226
-177.77 61.74 350
267.43 -870.05 110
-449.08 -827.02 186
185.46 -345.93 12
37.45 -79.87 247
116.92 -180.76 208
663.14 -469.77 222
908.57 693.84 338
-372.91 -905.94 152
892.51 -679.31 119
-350.69 -487.66 271
387.13 738.46 84
-413.86 -484.48 295
-513.47 -801.75 235
-72.66 -646.84 109
496.57 4.91 332
36.71 63.33 198
-778.98 867.98 96
113.25 894.89 287
-754.88 -173.56 236
429.85 707.63 190
646.17 951.72 90
-290.44 -726.31 34
-557.85 399.70 214
766.90 -404.34 42
811.46 -786.07 131
31.65 890.07 213
-68.45 832.03 333
-471.97 16.27 374
-552.78 -232.64 90
560.17 -898.37 274
330.48 677.54 171
995.48 -819.15 393
-506.27 -764.40 207
-93.48 77.18 174
-791.68 -851.31 354
-342.08 -241.49 97
415.27 560.90 77
-420.51 246.74 100
645.37 -808.47 391
385.91 102.02 318
-263.04 143.16 39
-260.54 -211.89 94
-892.76 610.95 332
62.65 103.31 80
-757.99 999.27 6
-870.91 -414.41 276
-426.07 -565.05 381
-639.33 615.04 228
-733.82 -371.50 82
367.05 98.79 202
859.61 -295.39 318
349.83 -624.01 188
-472.33 -726.13 367
792.29 -420.88 196
-938.47 876.77 51
624.87 -621.63 110
-70.22 -736.26 59
46.97 71.81 301
-924.31 -971.86 144
-359.84 613.15 223
-226.84 -875.48 101
585.13 639.82 72
-883.97 -952.45 387
-60.76 -867.24 368
816.58 -850.52 128
294.17 248.63 309
174.96 3.57 351
965.70 367.17 313
622.06 112.40 169
-582.26 -251.56 232
-637.07 875.91 122
144.14 631.09 85
-376.87 -186.68 373
966.55 -608.57 245
-935.06 837.21 297
918.15 -238.99 206
353.07 -856.44 303
804.86 -678.15 128
849.85 -726.31 138
432.54 817.62 250
270.85 -641.77 289
600.82 -524.16 35
71.81 -269.20 19
547.65 -207.13 309
622.12 -757.38 1
-173.13 329.75 97
100.86 972.78 170
873.65 -741.94 175
773.13 -138.77 270
-1.19 932.55 154
119.30 -657.52 372
-489.06 891.05 280
454.39 -424.05 27
-659.29 -338.05 398
-577.93 -389.81 50
186.32 819.39 59
-647.51 -978.45 283
-937.07 139.81 183
158.97 497.42 106
-530.08 718.19 89
486.74 725.33 334
-558.95 -254.25 290
-544.60 64.61 114
762.69 598.74 87
808.28 -940.86 347
882.75 -834.35 254
849.60 -850.89 194
740.10 226.36 233
-540.21 -789.00 399
170.93 413.01 391
-16.27 42.02 139
941.22 -895.81 287
-867.12 863.28 37
-929.99 -240.03 228
486.74 590.20 210
188.88 -38.30 193
960.14 -734.37 326
-517.26 -982.97 63
985.53 911.86 194
530.32 -316.32 295
379.99 -609.42 84
345.56 -403.30 260
-817.13 913.14 17
384.08 618.95 139
412.34 -142.55 242
449.45 800.47 349
-60.52 -207.43 322
-418.07 204.87 290
-219.15 314.19 166
374.55 766.05 13
-703.30 -278.36 91
-7.42 -153.84 279
321.39 963.56 194
-274.94 -488.33 251
-620.84 888.18 104
414.90 984.98 362
-887.81 -78.77 144
852.84 516.59 400
112.95 91.16 208
-571.58 -700.37 185
-235.08 -906.43 204
-743.95 272.62 67
697.93 73.46 231
888.18 970.40 237
312.91 262.18 102
-157.51 247.60 68
771.97 -219.82 196
-248.57 -51.73 7
135.04 63.20 120
-758.05 695.43 88
203.22 730.64 68
924.50 166.23 364
-648.49 -451.34 213
-641.77 751.34 196
-550.40 -309.18 110
815.73 -371.62 222
-869.20 -982.79 132
346.35 250.16 157
-578.36 834.59 9
283.79 316.20 268
343.30 -197.79 203
203.04 -295.21 398
786.92 -420.03 75
667.84 848.45 332
-999.51 -296.49 15
-841.98 -118.32 394
-346.60 -710.62 339
-413.43 -167.76 167
-82.74 -247.41 203
53.99 -587.69 388
-430.59 -979.74 187
195.53 843.75 149
-966.55 995.91 272
901.67 -123.26 156
777.09 -486.01 182
587.45 974.24 378
-166.23 986.21 252
798.64 797.60 268
657.40 -389.08 145
-974.06 -118.93 17
302.59 667.96 366
-601.18 -18.52 35
304.30 278.18 247
-301.74 -720.51 359
-148.66 -655.38 25
-879.63 -354.11 321
-834.96 438.70 84
674.49 -186.62 10
656.36 416.30 183
279.03 -231.60 356
684.56 -211.71 335
762.14 -757.26 242
843.99 -426.92 337
335.00 -903.74 226
890.74 788.81 194
942.44 884.58 192
-38.91 134.31 332
-559.43 -746.39 103
859.55 -976.32 252
-923.89 245.64 198
168.31 -781.37 358
-523.97 383.71 336
995.91 105.87 10
-433.76 783.93 70
-406.90 -564.99 129
761.47 -236.00 392
68.27 322.18 241
665.46 736.44 399
-719.11 -221.05 144
-368.76 -168.74 323
935.54 -795.04 224
-884.52 -48.92 277
181.01 425.09 320
-939.70 -945.55 41
-98.48 -783.87 4
806.27 659.78 335
-394.57 -899.59 248
-472.03 92.44 52
-362.65 732.47 267
-858.52 -869.44 214
-402.33 -272.07 261
307.54 674.98 156
606.56 -481.37 173
-200.48 136.33 108
649.59 -973.27 272
369.61 -356.85 337
931.94 876.83 248
-424.30 -823.30 299
-797.42 -242.77 289
-914.12 -412.03 395
-358.32 -341.04 91
-5.71 392.50 335
372.60 297.65 328
-78.71 524.03 254
-768.36 329.87 358
-622.00 -892.15 293
334.03 -759.45 377
-698.23 35.43 353
481.31 268.96 336
61.13 940.00 100
-197.67 696.65 360
-154.27 332.62 353
-538.68 497.36 233
435.47 411.60 76
-948.85 992.37 150
145.91 -344.04 272
-329.75 -981.32 162
515.55 -994.32 158
-97.63 450.18 267
289.47 465.50 387
-762.87 960.33 122
710.50 -401.04 76
-873.71 937.93 68
-695.61 -147.80 28
128.57 702.75 10
491.38 -788.69 370
689.38 875.67 367
-281.53 610.58 292
-703.30 185.46 3
639.39 -990.42 84
-712.88 386.46 374
-580.31 407.82 93
706.41 575.49 119
-235.51 -497.18 329
600.02 279.89 393
4.36 -510.97 70
178.62 -513.29 342
780.82 -133.95 183
708.85 -445.42 254
-198.58 354.72 47
-11.75 937.80 282
26.03 -669.42 193
108.43 -892.21 205
760.00 -152.07 126
-847.71 235.69 373
713.98 -421.37 62
756.28 340.01 360
-612.60 -909.67 306
348.19 972.47 26
-594.41 78.65 138
-406.66 340.74 152
925.96 -297.95 217
-602.59 322.86 377
-812.43 -699.94 194
976.13 344.65 318
954.71 -255.04 252
254.07 -169.71 287
245.34 -255.47 348
-544.97 -855.53 376
-394.27 -173.92 370
-566.15 -131.57 158
-482.16 -269.63 244
-660.82 148.23 211
580.13 798.39 21
822.63 966.19 313
122.59 -130.77 381
482.89 -231.48 289
152.50 -503.04 63
801.20 183.32 307
236.92 -828.91 375
732.66 -168.31 346
351.73 -52.28 88
623.83 -275.31 8
124.06 716.36 301
472.21 -306.25 344
-495.59 486.19 99
-11.57 -20.05 108
991.58 -169.47 242
-298.01 750.72 30
329.45 224.22 151
735.65 176.49 147
368.69 702.20 365
-908.20 -968.69 105
770.81 -698.42 347
613.88 833.43 161
-308.57 378.03 97
-556.63 559.01 330
-244.06 360.45 245
48.98 -796.32 20
781.55 75.41 369
-999.27 -829.16 338
-932.00 -320.17 372
-145.42 -107.88 111
907.77 748.71 35
-954.28 -518.36 400
-482.10 -592.21 75
822.02 -163.61 168
-883.18 846.55 4
-784.05 679.07 375
605.58 -671.38 1
-873.96 -160.86 196
-478.74 -801.57 60
983.15 -160.99 340
-143.53 -396.83 326
485.09 -161.78 290
231.67 967.77 194
729.12 448.04 95
-978.21 918.76 215
-987.85 102.76 101
-378.89 -391.71 322
856.75 819.76 80
-671.25 -513.23 54
-304.61 -457.63 262
609.36 762.69 237
373.88 93.78 212
970.09 -673.88 371
444.62 -682.49 298
653.25 -960.81 209
-612.96 504.20 128
-981.75 -731.38 190
641.65 937.62 112
132.79 -394.27 106
943.30 -395.43 21
954.41 -875.42 17
132.60 -964.72 159
818.48 -463.30 9
656.36 -861.87 181
-3.81 446.46 120
-401.47 4.06 29
-891.90 852.35 51
-443.34 239.54 38
-584.34 327.25 4
242.71 686.21 18
-278.73 185.83 125
600.45 -343.85 132
32.01 -327.86 80
-268.17 299.36 287
537.83 -981.99 214
277.02 676.87 204
67.60 379.44 371
328.53 -210.85 281
268.35 -584.70 132
-248.82 -545.27 70
-445.11 869.75 231
152.87 -205.60 155
-355.45 -791.31 67
978.15 412.40 355
482.22 400.25 104
-489.85 -586.54 379
-183.45 -447.25 314
228.61 -583.85 279
864.25 -398.24 175
-777.03 959.35 348
644.28 799.92 15
461.71 408.12 345
-73.52 -324.69 177
904.17 889.34 229
571.70 -370.83 78
982.97 181.74 170
590.69 -312.78 323
108.80 99.52 319
769.77 -633.53 325
-175.27 990.48 83
447.68 398.60 81
303.02 -231.24 181
-763.12 433.52 387
-712.88 -324.93 194
-592.88 68.15 175
586.23 -58.44 375
-455.98 862.79 290
76.45 998.78 5
-790.46 664.66 350
-895.02 -963.32 80
-88.84 -182.59 1
478.62 -124.06 136
989.81 -72.79 2
-904.35 -530.99 393
-695.97 51.67 310
5.58 183.87 268
78.34 -289.10 178
-506.27 -428.08 397
237.59 250.22 292
-48.25 843.26 393
228.86 54.72 257
-953.49 -991.52 159
973.75 -815.36 88
297.83 856.26 295
458.48 -590.20 12
-132.05 -142.06 249
801.75 623.16 250
-599.90 -11.26 55
689.57 465.68 357
-628.22 565.60 215
-912.47 931.64 369
-97.45 784.84 311
-621.27 10.96 255
521.29 943.85 324
-219.46 304.24 390
-691.64 600.51 70
-676.87 267.31 234
-667.17 -589.22 179
64.30 -439.99 254
650.32 -655.02 324
828.24 133.40 384
-428.51 655.45 353
840.21 -556.87 49
-305.22 -383.95 286
427.84 -223.91 256
-425.76 915.46 25
-270.12 365.15 368
119.91 917.54 313
341.84 -992.43 346
-859.19 -943.97 40
284.95 -474.35 118
-896.97 646.29 349
859.68 884.76 299
-571.95 637.50 130
91.34 -650.50 237
755.85 -463.55 69
836.97 968.14 267
-214.70 -842.59 181
-544.60 178.32 260
-155.13 248.27 164
493.45 -320.29 293
469.10 -342.27 173
-640.06 -847.41 142
-765.13 788.20 10
-301.31 195.04 342
-825.74 880.92 120
377.00 223.43 238
-508.16 -550.58 344
-66.19 -691.82 89
318.95 -834.35 171
-775.08 -769.59 289
84.08 959.23 176
-883.72 -293.13 65
-979.49 267.98 164
658.38 983.40 60
617.97 520.37 337
-524.03 -904.60 184
701.28 295.21 82
-623.46 285.50 87
-452.86 -564.93 209
-331.22 602.40 183
259.68 -58.50 163
-360.15 -164.46 393
791.31 998.54 172
-683.28 -88.29 197
-253.88 -789.12 157
-720.21 946.29 245
-297.65 348.74 332
-838.98 -447.19 341
479.84 816.71 382
-208.04 16.94 5
816.71 961.79 234
-984.37 -210.24 11
544.72 -556.26 264
-802.24 696.95 245
829.16 -521.41 260
709.77 544.18 207
-398.48 -938.23 40
-636.28 678.82 131
-772.33 -448.47 176
205.48 -208.17 36
-45.87 -522.93 342
465.07 -942.93 52
25.67 397.56 337
79.26 869.14 202
-192.85 309.31 2
281.23 -808.53 378
-971.13 746.51 311
553.64 126.93 50
-347.88 -417.46 45
-988.77 -988.65 324
75.84 -129.06 364
267.62 -630.24 145
-279.21 -883.48 54
-704.09 -301.00 117
687.86 385.97 220
972.72 517.93 184
-558.46 -93.84 87
134.37 689.26 314
566.64 505.36 36
-657.70 929.20 386
837.89 -323.04 79
383.16 -76.45 277
-622.49 443.16 143
81.76 818.78 223
805.23 -195.96 145
524.28 -705.37 190
-744.99 646.60 334
-473.43 -786.00 368
204.81 -218.91 221
390.67 220.68 364
468.49 548.81 198
-83.04 -118.20 212
710.68 428.57 61
-463.97 -714.41 16
-314.43 -471.36 334
-465.07 -333.54 322
-651.30 27.01 227
-63.14 883.48 274
-729.18 764.70 105
892.76 674.86 118
-335.43 564.01 210
-286.48 804.07 383
-942.93 -328.17 210
159.34 746.76 80
-542.71 281.78 266
-440.72 -302.53 114
-973.39 -393.23 166
12.54 -351.79 299
17.73 -287.15 248
562.79 355.39 82
340.37 531.24 358
-895.02 -575.24 75
808.04 -607.90 94
-886.72 -254.55 364
-847.96 -681.14 141
330.00 352.28 346
519.64 431.50 351
-424.67 -261.82 337
645.01 -604.91 222
-923.52 922.97 68
448.41 145.60 366
420.21 -538.19 226
-270.61 395.92 18
-340.43 -695.73 288
-876.95 -83.96 183
501.88 -775.93 59
-163.30 -466.35 193
-886.29 707.88 241
125.34 -518.91 94
-834.35 937.68 285
249.61 -642.32 160
537.77 105.81 157
38.91 838.74 120
875.55 987.24 208
-595.57 -403.06 202
-822.63 732.78 221
464.77 -49.59 151
48.68 475.14 104
604.11 -228.06 354
-566.15 -190.10 246
-959.35 -566.70 153
785.21 783.93 38
-422.22 263.77 328
-14.37 -70.28 231
-598.38 428.45 83
-820.86 -607.78 145
327.13 527.94 218
-789.00 -461.96 67
-980.47 831.42 203
899.35 -117.47 54
693.84 139.81 14
99.34 951.66 128
859.31 74.80 276
-272.87 -922.42 269
88.11 -640.06 317
837.09 -652.33 240
-211.40 -351.85 109
-260.96 -756.89 110
814.57 906.25 289
258.46 -835.44 192
-320.66 -455.73 92
820.86 295.08 371
-566.64 -379.31 50
345.62 -650.87 207
137.85 -181.68 103
201.76 -52.89 126
-405.99 -281.84 190
967.96 -110.08 287
801.39 -551.93 292
-304.85 738.40 334
779.05 304.73 200
-953.37 -927.18 370
138.77 -317.73 162
-665.64 -123.26 381
395.55 852.96 340
-666.68 -103.31 398
692.43 64.67 167
-910.03 836.05 366
-347.64 -678.27 208
988.10 -913.27 211
-301.07 321.76 268
-642.93 645.19 388
658.80 608.63 148
-852.90 -856.62 30
-973.27 300.58 118
-100.99 -194.31 373
-815.42 20.48 349
-334.15 863.28 13
-633.05 -854.24 359
-63.51 775.93 272
517.08 -547.47 358
224.52 770.56 198
615.89 -98.54 308
-932.19 -40.99 124
853.08 961.42 265
-14.31 896.42 306
-613.21 726.98 136
-290.69 -867.55 307
-335.61 -580.31 246
989.32 -657.28 15
-412.34 913.14 74
742.42 -743.64 317
-527.15 940.98 65
-526.41 -930.66 150
-997.13 887.02 250
-944.58 598.25 289
472.88 761.10 240
309.73 -659.23 41
-183.51 392.25 2
667.65 111.61 329
439.68 -735.65 117
736.75 -728.81 400
14.44 32.81 299
121.92 6.07 133
-640.25 -157.93 394
584.83 -96.04 5
-397.32 367.47 125
-164.28 446.46 210
-778.31 -730.46 43
-825.37 264.38 286
580.25 -257.55 364
95.74 317.91 395
404.64 291.24 297
79.87 -177.83 299
602.34 -949.71 31
-615.34 995.48 96
-898.31 -899.96 28
-59.97 801.87 400
-726.49 601.25 211
-272.19 -945.49 197
-783.44 -601.67 328
512.56 778.19 196
-993.22 -703.97 112
746.57 860.65 190
-830.56 -270.97 211
149.63 994.26 202
-613.51 -712.88 42
-893.80 975.34 216
-948.55 -236.92 134
-111.00 839.72 79
972.78 314.86 139
-953.73 -683.95 267
563.71 232.28 259
345.32 -73.15 100
-515.06 907.53 191
679.68 -992.31 191
-820.98 193.27 6
589.59 201.64 270
301.43 632.31 129
-250.40 -137.36 315
964.48 311.81 368
-795.22 -472.70 12
213.17 584.22 308
-469.41 -572.74 373
-499.74 -146.52 352
704.70 -821.65 55
368.69 300.82 277
561.88 532.82 198
-664.78 69.37 242
-497.05 682.24 304
-651.72 290.20 367
899.41 -713.00 125
-585.86 -336.59 157
621.20 445.78 310
304.36 360.21 255
576.34 445.17 118
915.28 -970.27 216
-677.66 -395.25 246
-894.53 935.12 346
956.97 97.20 395
935.54 946.41 317
857.72 -466.54 248
-577.68 -451.16 331
672.78 609.12 108
461.35 414.29 353
514.39 451.70 343
-307.84 -298.81 97
828.67 -244.91 378
61.49 -672.35 2
-848.93 -432.84 63
-100.19 264.56 361
-834.47 979.67 154
-259.50 664.36 2
410.14 190.53 77
-887.20 629.51 57
-132.30 724.72 279
389.39 -117.10 100
792.05 260.48 147
-292.58 -224.52 365
702.44 -237.95 39
-728.14 214.51 213
781.49 -283.30 235
-776.12 455.55 261
178.56 466.17 227
983.28 -463.36 141
211.22 -842.52 221
-211.52 681.14 14
412.82 966.55 96
319.07 -483.57 22
51.85 -779.11 3
38.30 -304.54 48
390.18 115.88 338
491.68 710.93 76
-185.03 -875.18 204
-511.03 623.04 393
-693.72 212.87 307
-867.92 311.99 295
757.19 -193.82 63
280.01 981.75 281
679.80 -584.28 288
-485.58 223.30 117
71.69 93.78 179
237.28 -753.84 382
921.02 785.15 117
-560.05 156.71 27
256.94 -644.95 139
189.00 649.34 224
-954.04 -106.85 329
-780.08 -564.38 205
847.22 -947.63 310
-526.47 409.53 79
-778.07 -63.51 123
-807.67 193.27 124
695.00 646.90 311
575.67 -428.63 332
832.45 290.75 318
212.44 -347.64 16
-8.94 287.94 114
829.71 -352.95 70
-250.28 -556.26 147
-447.68 175.02 55
210.61 -275.19 200
125.83 -754.45 391
-498.76 245.58 133
-350.81 769.10 189
-827.57 -121.07 292
558.95 878.78 78
18.77 412.03 314
138.10 739.31 253
-600.70 513.23 134
955.14 -870.48 286
656.36 219.52 392
607.59 -829.28 215
966.12 437.30 223
215.55 371.62 23
-834.16 329.51 357
515.55 931.03 370
-976.07 -315.41 125
413.74 -772.88 4
-683.22 -321.63 51
-297.65 880.37 324
-812.01 100.50 297
-415.51 -49.65 69
848.45 372.17 346
-60.03 975.77 63
975.46 -222.88 158
-858.64 -75.66 301
440.66 -478.13 328
952.76 -42.76 239
481.80 -225.93 60
-138.89 -541.37 367
-606.86 958.43 86
-651.05 303.75 306
483.81 561.51 398
-628.53 -924.86 261
697.93 763.30 316
-100.19 145.66 23
-845.76 623.34 375
-919.13 469.77 66
-805.66 -446.27 375
-396.22 822.75 203
-420.88 658.31 163
-513.53 337.44 9
-505.84 -541.06 105
-26.58 -227.09 48
-738.46 -184.12 397
-200.96 -752.31 77
-637.50 725.46 289
-17.73 -558.21 94
-197.42 -594.84 332
821.83 759.03 10
-755.79 -111.61 220
-890.38 -101.78 335
-55.09 513.72 179
-979.74 958.19 148
-377.67 447.37 236
920.53 -155.19 326
167.21 974.06 104
721.30 -386.46 272
895.26 -16.63 359
617.79 -289.35 224
16.94 115.39 148
378.40 -870.85 16
-538.25 654.53 194
-994.75 -486.56 79
368.88 738.15 27
-158.73 486.43 259
700.25 -991.76 398
297.65 -821.83 2
-202.98 748.22 238
566.15 362.47 204
529.95 47.70 163
216.16 1.19 329
-752.86 -110.69 63
-294.35 610.83 129
241.68 -510.91 156
-193.33 945.55 392
197.79 10.41 84
14.68 294.05 71
285.87 -851.68 323
-582.14 456.28 41
496.69 305.34 159
510.36 -546.62 237
-295.27 -606.25 253
277.20 -517.14 376
-939.27 -36.59 252
-176.61 805.41 231
896.85 -396.89 344
102.15 395.55 217
-372.66 -333.17 76
-821.83 550.58 396
400.86 561.51 196
183.63 -515.61 45
742.42 373.88 256
939.70 484.24 226
-613.33 -261.39 143
380.17 -272.50 181
175.94 824.58 25
-336.53 594.23 72
541.06 -617.66 5
-540.57 -483.50 310
949.83 206.15 80
-411.66 335.49 372
-965.39 366.07 278
-775.26 26.15 287
-833.31 -583.24 81
-493.39 -232.46 271
259.62 -272.68 185
-135.29 916.44 151
827.14 -635.98 252
951.72 742.42 30
23.29 835.99 161
962.46 -946.10 154
-177.65 -263.83 110
639.03 -668.69 259
-112.83 127.72 47
-397.02 -59.54 341
290.93 683.46 60
-901.24 -322.86 195
-662.77 -657.22 88
15.66 535.75 48
-474.84 847.22 242
437.48 459.64 73
-525.56 -795.10 167
188.82 -837.40 28
616.69 174.17 314
-834.59 162.02 204
-88.35 -520.25 69
-104.95 -818.23 366
-972.47 953.18 96
-970.89 325.66 333
-434.49 -650.01 103
-435.65 123.08 219
274.27 -487.66 293
-216.22 980.35 51
-969.60 -956.54 184
441.57 961.61 341
913.39 13.58 369
846.06 -562.00 378
-778.68 653.74 8
-532.70 -773.80 213
14.19 782.65 94
-237.95 637.32 378
-25.24 -911.50 4
-681.39 626.94 89
-691.40 611.26 290
429.98 226.29 36
-706.90 -914.24 8
-952.51 889.71 16
-796.75 -529.83 236
-986.08 570.97 355
921.87 -767.69 210
-245.64 485.58 36
842.71 -930.72 338
486.80 877.25 289
945.80 924.86 279
734.43 -57.77 295
-589.16 -296.91 74
-261.09 -386.76 327
-907.28 -790.46 267
533.86 424.67 257
858.76 818.78 278
191.56 420.58 393
-568.59 -562.00 204
354.17 -727.35 25
-755.42 -255.59 85
-148.78 -299.30 17
151.40 677.24 304
241.13 -816.03 131
875.30 15.23 279
-257.12 -935.00 107
-887.26 -189.31 352
-503.16 727.96 394
436.32 -265.60 353
660.02 835.69 306
852.72 -731.07 212
-248.39 879.82 174
-703.30 -593.37 209
-832.15 -215.80 9
-263.53 326.09 256
133.64 -738.40 207
-821.89 -317.42 67
798.94 -703.05 253
940.98 900.08 15
974.06 777.76 171
-625.78 450.00 69
-623.46 -847.47 73
-43.18 -204.93 350
-515.98 332.50 325
708.37 -289.65 102
405.62 -898.92 330
298.68 321.94 331
-157.08 316.81 150
417.16 -321.39 85
-533.25 -568.83 117
108.92 -764.28 238
-867.00 552.84 185
-852.78 542.53 121
-448.23 712.94 181
-655.57 -73.21 392
-439.56 -617.73 369
253.27 -680.35 172
278.73 -95.92 234
232.15 -196.81 395
398.11 -412.95 302
583.24 250.10 189
922.54 -993.16 303
681.88 802.48 73
88.96 -170.38 209
940.43 160.99 214
199.93 -536.30 202
-656.24 969.24 257
-53.13 -700.06 284
-591.54 -757.99 57
746.09 477.65 265
-2.29 37.02 103
-107.15 257.55 222
-273.11 668.32 178
-780.57 447.19 44
-37.75 951.84 274
-336.22 155.06 349
-94.76 -492.23 392
-26.28 -298.81 190
210.49 273.54 43
-68.94 31.71 85
-737.30 352.64 197
-766.96 -277.75 152
-119.30 -604.97 372
767.63 863.46 241
-918.52 109.29 312
-290.69 -954.16 152
868.83 -485.52 326
-100.99 557.97 8
-939.57 -612.72 7
597.58 -977.11 78
-809.69 298.81 319
178.44 -718.31 265
757.13 922.97 123
888.85 -367.05 24
799.80 -823.18 171
720.82 -194.01 170
206.03 475.26 118
935.79 535.69 286
553.94 -801.75 49
-864.93 560.84 302
899.59 632.37 199
210.49 -451.95 369
7.60 396.59 1
-708.37 82.61 261
-680.04 966.00 177
190.89 -264.69 96
729.12 593.74 60
62.17 544.36 329
209.94 970.09 183
313.82 -698.23 107
821.96 583.30 52
-530.20 -944.88 342
-231.91 -776.97 396
-68.51 -529.04 395
-658.01 -369.73 85
-312.91 416.85 362
-41.05 -790.22 362
209.94 540.76 370
296.24 224.89 51
-681.20 24.99 174
122.47 -758.90 81
906.06 -698.05 80
910.76 27.44 53
407.70 602.34 372
-927.18 908.81 354
-39.09 8.27 54
-143.71 -57.59 17
599.90 -548.94 241
-127.60 -486.98 75
847.59 83.65 382
118.38 258.89 122
-91.16 -87.07 141
469.34 900.02 36
-390.48 755.85 202
