1250 16 400
154.39 -39.95 84
-423.02 685.11 97
-959.29 288.74 75
-388.04 16.69 14
-187.23 393.54 66
976.20 24.14 45
844.29 -897.03 45
353.01 -370.16 44
576.83 946.17 24
989.56 -323.40 36
719.90 168.25 76
-51.61 -494.19 80
-493.51 -105.69 6
-686.82 241.19 87
-586.66 710.93 85
785.15 -40.99 88
993.29 -777.03 182
-323.10 230.45 250
-824.34 -980.16 249
-780.94 788.08 103
-184.67 209.45 172
-401.72 559.62 188
-335.73 -506.88 263
494.80 266.27 425
-443.28 917.29 492
-672.54 -538.56 339
-324.02 188.39 240
200.11 527.63 211
576.46 -962.03 150
921.32 -985.41 219
-600.21 815.06 500
-306.31 -966.19 463
716.42 517.50 384
-616.44 -527.94 154
876.64 104.95 490
-57.04 811.82 369
935.00 -594.35 209
809.69 578.54 319
-646.60 499.56 183
-791.07 -852.60 464
-946.47 -634.21 351
-528.43 63.14 343
-780.39 -908.63 220
-982.85 -575.61 395
-195.29 281.72 186
783.32 496.08 204
-787.04 756.46 215
-149.57 -205.18 399
367.53 400.25 39
81.27 695.00 238
582.14 415.39 275
-997.80 -630.66 121
-420.51 -553.88 430
159.40 870.72 332
894.22 362.04 473
27.74 -385.72 426
11.44 -852.90 320
-504.44 -301.86 139
-825.80 -405.44 62
229.71 -356.30 489
-906.55 606.86 192
106.72 500.60 37
-936.03 -910.89 29
-382.49 -907.16 380
478.56 962.95 499
970.52 734.67 193
-312.05 -48.31 135
-224.28 -738.40 484
-167.39 767.14 394
-49.29 -35.86 422
913.88 386.64 406
80.84 214.94 212
237.71 526.78 475
164.46 508.71 33
695.30 419.05 104
-297.10 527.45 257
-604.60 -157.51 279
-272.13 -43.43 271
-816.52 308.88 253
829.95 -639.39 438
-180.39 -417.65 215
818.35 -272.38 347
-703.24 -406.78 134
-447.49 -440.84 294
203.83 527.94 372
990.66 875.18 284
434.06 695.85 95
-154.21 -545.64 71
-847.22 930.48 99
684.80 -687.12 313
-979.86 39.83 50
-913.02 62.17 84
-535.75 415.27 253
-137.97 -344.28 373
571.64 602.47 133
545.21 -636.95 355
149.27 670.77 292
-291.79 -139.01 261
968.44 848.14 494
-718.31 352.09 84
378.40 360.21 207
340.25 -141.76 52
-379.13 -21.52 149
897.82 544.79 265
540.76 694.14 311
454.39 354.53 294
218.54 435.83 486
-432.48 -371.20 47
604.30 -900.45 494
-146.58 -997.01 468
-251.81 -401.78 68
793.51 947.02 195
964.29 -574.88 283
790.03 122.84 408
-530.38 -396.40 46
-677.36 -500.23 445
-32.75 118.44 226
-935.73 -843.68 439
535.20 -760.00 324
-340.43 155.19 13
-701.47 813.84 14
812.62 53.19 78
-58.20 839.96 404
-384.87 753.11 419
-579.33 767.45 188
-74.98 766.78 214
-497.67 116.06 470
327.74 -208.72 313
249.67 -422.04 434
29.94 -948.24 70
-475.81 -124.30 53
-805.23 -618.58 431
-742.79 -370.28 208
-18.34 -249.43 366
-117.77 -447.92 380
-848.45 -838.13 359
186.80 695.61 254
790.09 -245.64 105
173.68 -511.09 415
735.59 -144.93 473
569.51 138.46 439
928.95 -171.67 391
-357.10 -82.92 478
373.46 156.90 224
-771.29 -853.27 477
-39.34 -512.56 14
563.04 -440.60 427
-672.29 -354.41 38
-39.03 443.77 456
-585.01 110.32 178
-238.32 -197.18 366
741.94 -602.10 269
579.21 -94.03 172
859.00 479.17 214
-20.36 -626.58 182
-780.14 999.39 22
-492.72 -470.02 393
96.04 -67.29 460
-251.81 -546.19 282
378.77 -363.26 471
-886.90 184.18 182
-568.77 -679.86 127
-526.11 178.56 121
811.33 -39.46 228
-33.23 -417.04 230
940.92 943.42 200
418.01 446.76 110
-103.67 403.61 450
-787.41 -78.71 357
682.79 -325.42 84
257.48 -11.99 64
-105.87 645.13 419
-758.35 607.04 458
786.07 437.91 83
-83.96 -379.74 109
-235.45 -94.15 100
-147.31 528.06 380
-642.81 241.00 124
-648.18 635.91 316
-854.61 763.85 212
88.84 -707.63 227
-860.10 -54.35 292
990.05 -745.23 39
-71.75 176.18 341
937.50 -121.68 33
866.45 -36.65 136
486.80 -918.82 207
-130.47 396.04 97
-919.13 132.18 429
237.77 -934.69 68
-486.25 -498.15 83
-325.72 -528.79 31
885.74 -448.65 446
470.32 491.93 345
248.76 963.13 6
-9.80 12.73 282
817.07 789.79 108
-653.61 551.38 105
261.02 -935.79 432
-251.20 -80.05 90
-532.82 323.83 219
706.23 -105.99 408
-520.74 405.32 298
292.58 -249.61 409
-615.96 -284.22 168
-681.26 649.59 305
-71.63 125.40 402
724.23 421.98 459
-111.48 -87.80 160
-931.15 -384.56 31
-76.45 70.77 487
915.83 -66.01 17
-932.86 15.47 11
-601.31 683.16 94
-590.99 -471.05 440
-383.40 796.14 223
128.76 964.84 409
-60.09 690.85 289
128.70 -533.43 390
94.88 850.95 256
311.01 -434.25 431
275.55 -111.36 370
-683.83 209.02 201
752.98 -820.98 259
-474.11 -696.04 224
767.63 -794.92 163
592.33 -501.57 444
-847.22 -226.11 347
930.66 -617.54 378
-611.01 -498.21 82
756.46 869.08 446
888.18 673.21 15
612.29 418.38 132
496.69 -996.09 323
160.80 -724.66 148
-256.94 -765.13 339
572.37 237.65 152
483.63 93.72 265
-646.78 -87.68 305
572.19 -754.39 425
200.84 205.05 178
247.66 -344.89 127
-322.00 -835.57 138
-658.44 548.27 336
424.79 -473.49 478
-586.54 156.47 40
520.31 -378.95 477
-232.58 876.46 465
-278.97 -38.18 233
246.93 -340.86 485
883.42 95.61 144
989.14 584.22 216
179.54 384.81 467
197.24 -60.70 217
-14.98 586.41 278
-284.16 -43.06 174
804.68 -370.89 132
-993.65 910.52 122
560.78 -883.91 63
-716.97 -207.68 10
242.59 -944.09 385
-677.79 534.47 114
-437.97 387.98 332
-943.91 938.35 93
121.86 -717.52 436
752.80 408.19 209
-63.69 -804.62 373
620.04 -524.89 49
-805.29 508.10 231
299.66 213.17 154
176.55 523.67 381
190.83 -770.01 147
-533.07 874.87 109
-892.27 -783.07 367
-672.41 -720.33 362
-312.11 311.14 33
502.91 301.68 306
469.10 11.51 373
137.73 -410.87 334
-96.41 -651.78 413
-905.39 228.19 324
-982.54 678.40 367
41.47 596.67 41
207.98 128.57 403
480.94 706.17 110
53.01 566.45 374
662.34 707.88 497
226.48 314.19 51
305.58 -723.81 172
932.19 -128.82 129
-477.28 -789.79 454
-72.73 928.95 71
-499.62 -932.62 136
-538.13 201.57 134
648.00 -789.67 82
-443.16 302.71 340
-717.40 556.44 396
-764.21 322.98 205
-247.35 825.19 356
-139.56 -840.02 252
451.89 425.09 264
848.45 263.41 112
696.58 564.26 471
24.93 540.64 63
176.61 -47.70 481
926.21 -29.51 39
897.34 -158.24 214
-217.69 -760.31 308
455.49 379.44 406
-87.50 -293.13 213
387.86 553.82 43
-889.40 455.18 130
-557.66 -314.74 354
543.99 371.01 179
205.91 660.63 313
-30.12 329.33 82
-177.89 208.84 435
-44.22 931.70 88
802.79 -290.44 353
-489.06 72.60 228
-575.49 -442.67 470
-647.02 -837.03 389
159.46 -762.81 370
-805.60 356.98 202
264.26 236.79 179
186.50 867.92 22
296.98 -11.93 499
-742.91 -333.78 173
-806.39 442.79 127
769.59 -222.82 392
-130.95 886.72 446
963.93 -709.04 298
356.91 -551.01 275
273.96 -687.86 264
-475.88 -298.32 228
81.88 655.45 138
632.01 30.73 211
42.21 397.56 69
-275.61 338.48 180
15.05 -336.41 37
248.70 -639.09 462
-846.55 513.47 238
-290.44 698.17 179
36.41 -246.56 240
-230.38 817.13 116
181.49 172.15 230
-707.82 40.93 387
-944.58 344.10 194
-377.54 134.74 22
80.78 9.06 324
173.38 -209.81 155
357.83 366.44 296
-629.93 346.96 465
139.62 674.00 473
464.52 716.24 259
-244.18 -437.73 216
906.61 946.35 299
-63.14 710.62 409
-895.81 435.47 433
586.11 -758.66 422
766.66 -293.37 61
-759.88 612.17 73
-142.74 164.77 151
-7.60 -817.93 484
-264.38 602.89 364
782.83 239.91 378
-417.34 665.94 346
-68.58 364.97 324
948.00 265.85 370
-142.37 -207.31 406
458.97 320.11 403
-661.37 224.95 236
661.43 409.77 91
-335.86 -485.21 229
854.37 -732.23 95
891.48 111.67 158
894.34 669.97 21
347.39 329.39 160
528.43 553.51 121
807.98 -356.91 85
113.99 -712.09 152
665.76 585.38 261
853.76 211.10 255
-881.83 -357.59 103
-836.79 82.13 290
225.07 -895.14 250
-255.96 -771.36 497
845.45 343.24 331
612.54 -859.13 283
-783.50 -280.43 339
-22.49 -670.64 238
-464.58 552.96 16
725.64 -324.32 91
-403.61 -518.36 225
601.67 -493.58 407
-429.61 459.76 443
226.11 472.09 296
644.09 -260.54 277
107.88 -750.60 333
705.98 -227.76 402
-948.36 375.96 346
836.97 262.73 105
-936.83 -600.57 454
-731.68 -121.74 98
-715.08 251.93 216
979.25 -393.17 261
886.17 570.85 223
-551.38 -289.04 22
-553.27 852.72 333
521.77 -97.26 208
455.12 76.75 297
-866.82 9.13 244
341.11 35.13 412
11.08 -740.47 28
-764.03 -704.09 317
-294.41 -340.13 57
-362.59 -237.65 392
-395.06 -31.10 456
616.81 418.74 120
259.62 810.72 408
-620.47 327.80 119
591.36 -303.08 341
137.00 509.20 423
-340.62 438.40 104
-392.74 240.03 156
-150.55 -147.98 120
298.93 -178.50 346
885.01 -937.13 249
279.09 -795.40 142
189.18 316.20 162
648.30 307.17 243
-899.72 292.89 370
682.91 641.77 379
506.94 727.16 316
812.19 -748.22 370
-118.32 -109.29 149
523.06 -823.97 194
695.91 -501.82 352
-818.54 -22.06 307
-956.54 45.01 259
-130.10 -463.24 205
-753.04 764.76 215
925.29 551.62 396
499.44 -462.69 300
160.74 305.58 286
479.54 443.34 201
24.63 430.95 280
-403.85 -509.38 54
-561.27 949.64 339
-662.71 -408.31 158
-986.21 -7.11 359
357.22 -612.05 483
17.85 -423.14 336
689.75 257.48 159
-884.58 876.83 467
74.62 -952.39 428
-239.30 -147.74 84
-926.88 1.98 129
458.36 82.06 295
-314.43 -756.95 120
-842.34 510.91 443
-187.78 288.06 252
-935.48 -243.39 207
-628.28 654.84 58
-606.13 -93.42 402
-543.08 917.84 291
293.19 -385.05 79
-181.13 -158.24 130
-407.88 -966.86 187
473.74 -290.26 202
-570.73 -77.91 367
573.96 -79.99 357
419.05 -543.99 140
128.15 -399.46 316
-895.57 -18.46 290
-62.59 635.43 288
242.35 -409.04 103
496.38 360.82 107
236.92 64.85 201
-171.61 -481.12 282
-974.43 -231.60 88
-457.14 -888.55 257
178.81 -279.89 375
59.66 810.91 465
149.88 -479.54 428
202.61 828.49 252
757.99 396.47 432
-539.66 -156.96 418
-652.46 -472.33 56
-596.36 -977.05 457
-98.24 -677.30 207
284.28 -435.83 375
937.74 -336.10 205
-30.18 -214.70 448
-469.89 577.81 132
-659.90 898.62 244
549.42 -423.87 394
-661.18 -620.72 311
-593.86 289.28 472
282.57 -376.38 422
520.92 -763.12 293
34.94 575.12 228
-369.00 -101.05 2
500.41 -545.46 293
-837.95 -93.05 30
-167.33 -92.38 284
-529.40 432.36 314
-959.59 23.65 383
67.78 945.49 389
549.42 -951.48 487
-797.78 -291.12 377
-996.58 -558.52 453
669.06 905.88 213
-595.32 478.87 484
667.90 -567.92 256
850.83 127.84 400
210.73 353.37 130
-116.61 649.59 261
-777.58 95.07 188
58.26 -400.49 329
341.90 843.81 139
39.70 818.72 371
763.42 640.80 266
-444.50 902.71 313
507.25 -500.90 478
-819.15 750.91 366
530.81 813.17 7
387.74 377.30 74
-673.39 -381.27 224
867.00 -531.60 292
-636.46 -862.61 67
-962.22 -559.13 239
150.73 763.30 380
-835.75 240.09 366
100.68 466.72 357
845.88 79.87 65
-20.60 748.28 352
90.55 -3.94 419
-185.64 32.50 466
-35.80 734.73 439
-68.45 985.84 375
-811.09 355.82 64
562.85 -63.14 450
-715.14 267.62 303
452.56 -388.65 109
-831.60 457.08 404
349.77 -977.23 18
777.09 699.64 14
-552.05 -167.15 175
548.02 773.19 77
978.94 62.04 421
-327.43 404.52 440
530.44 -59.30 289
-757.56 105.50 8
490.04 -804.19 48
936.40 447.61 340
-433.03 414.41 242
27.07 940.18 337
864.93 -432.36 364
-540.57 -243.69 107
715.45 565.17 379
-181.80 -645.37 249
690.24 84.75 146
412.27 -189.49 279
135.41 150.91 318
-291.24 663.38 159
-535.33 -754.20 389
-804.32 539.54 466
563.89 401.47 237
-305.76 988.46 156
-761.28 973.02 436
-572.99 113.80 411
940.61 -108.86 94
-972.29 -55.94 47
273.23 384.87 72
398.72 319.19 324
272.13 -303.08 357
142.06 621.81 181
405.56 448.77 105
447.31 199.56 169
-78.34 -721.12 305
-925.17 63.88 5
810.24 -550.89 357
-330.00 -342.14 57
-487.84 -478.87 10
335.80 412.15 335
-159.03 210.06 93
426.37 -299.66 463
630.18 370.22 283
-847.71 -79.07 409
-356.67 -991.15 10
-937.44 -986.14 35
-482.10 -491.44 3
-968.14 19.93 227
-776.48 -880.92 82
-703.85 -437.79 340
941.22 -499.13 181
-421.80 -384.14 476
662.04 919.55 327
697.99 889.71 276
420.88 -149.57 401
498.76 819.76 496
159.15 -492.90 345
709.65 -181.31 431
-985.72 -596.79 52
741.14 -712.52 55
600.51 -248.33 281
-366.44 -769.71 301
-163.79 -462.87 127
696.28 -638.78 310
-671.07 -270.97 389
-967.10 613.57 371
504.32 -426.31 227
404.89 -801.02 369
-188.57 470.81 268
979.74 71.99 203
698.84 850.28 231
-294.17 80.05 385
887.94 968.14 100
587.45 474.90 438
-977.60 889.58 323
-736.75 -926.33 311
289.41 366.68 371
-733.09 -559.68 270
348.92 104.83 20
409.96 -741.33 137
113.50 290.69 479
-858.03 -161.90 132
-152.99 476.73 313
744.74 681.08 292
944.21 -766.72 22
63.02 499.01 336
868.22 641.53 180
-578.48 237.65 38
303.75 -49.10 473
-344.71 -180.46 271
884.70 826.29 220
-933.16 -327.25 229
124.30 -201.45 315
-159.52 -52.10 308
665.94 68.94 402
264.14 -123.94 119
926.08 945.19 437
267.86 239.91 263
881.10 -837.95 153
-458.54 668.26 136
-609.55 403.85 240
93.42 -328.17 266
-685.54 -244.42 499
801.39 262.92 289
-984.74 817.19 198
544.18 897.70 321
882.02 -942.14 121
-871.09 -408.80 291
538.99 -66.44 377
-295.21 -361.19 211
-364.42 572.13 279
916.62 -322.18 492
-177.59 -287.64 101
-34.94 92.62 2
944.09 304.54 60
-757.07 -745.05 140
-124.91 995.42 293
-436.14 48.68 8
-963.74 883.66 67
442.61 802.12 178
713.06 682.67 296
669.85 399.09 379
96.04 -973.14 110
805.29 198.89 352
-263.34 -650.75 68
-566.94 731.19 375
94.64 791.92 394
-658.68 179.42 37
315.53 241.19 246
448.41 -310.59 164
-450.61 51.42 32
-449.39 773.98 63
-732.66 -412.46 167
-934.75 -205.30 318
395.73 627.31 179
133.58 927.12 280
919.74 -833.12 211
-16.51 -592.27 380
-840.57 -476.91 138
-419.17 478.93 240
440.29 -935.42 5
-428.94 -475.20 356
-382.18 -308.76 15
578.78 696.89 367
125.22 -440.66 407
342.81 92.99 474
-863.83 -227.15 240
-830.01 546.13 159
-668.81 76.33 343
-964.05 -467.70 414
-131.99 -751.82 369
604.42 885.74 450
-260.05 143.41 217
721.43 152.50 307
-994.57 434.31 435
819.21 -222.39 462
642.20 289.96 402
387.37 -848.14 392
-731.62 -231.97 60
-514.15 -903.01 20
-71.50 -176.37 204
433.45 -114.47 268
-180.58 -188.51 315
-439.37 -369.18 49
-525.07 -576.10 491
-487.96 -909.36 259
791.80 418.13 325
-723.75 851.44 154
610.58 -510.54 355
-845.03 756.52 23
-381.94 495.71 373
-487.04 554.67 71
354.29 177.16 347
-376.93 326.40 188
347.76 805.48 280
485.89 547.65 171
109.35 69.55 287
-584.46 -81.27 175
139.74 -767.27 404
685.72 -424.54 46
-498.46 -590.87 385
-122.78 256.08 428
118.75 969.05 283
11.93 -326.46 180
-949.89 836.54 69
-659.23 -12.42 15
782.28 -959.72 178
33.78 -867.06 308
358.01 -430.59 65
241.98 94.39 205
-854.30 -378.22 83
-681.63 267.13 463
-491.32 -38.42 431
-355.51 64.00 442
-186.32 -425.34 423
762.50 -833.98 479
358.44 377.24 230
612.90 -478.07 13
-835.87 643.06 276
865.60 -372.84 38
-590.44 -680.41 78
870.66 7.97 30
833.55 -251.38 26
-118.02 448.84 108
954.34 751.34 235
180.58 584.03 448
-309.79 -179.48 283
789.67 274.64 180
174.66 -456.83 55
885.86 -38.00 411
483.50 597.95 377
12.12 -823.48 409
887.57 989.62 211
-951.96 838.68 256
356.36 -157.51 391
-167.33 -836.85 332
-378.46 -672.17 113
621.33 -875.55 407
-591.60 398.97 291
-563.04 801.63 92
713.68 -801.14 279
97.99 -244.61 216
497.54 -459.76 427
522.08 140.23 487
112.22 986.63 206
65.28 -226.84 426
467.21 35.80 314
409.65 -880.61 452
575.43 -25.67 181
-890.50 363.57 492
-12.97 -620.17 57
600.27 -341.84 429
-48.98 254.37 488
504.99 538.56 89
194.01 617.30 301
-293.13 604.24 157
-773.92 -670.52 349
-874.08 150.73 434
-677.66 -795.34 315
704.58 -265.24 233
33.54 343.06 420
-981.26 927.37 161
-491.32 -655.69 450
-566.09 -4.73 71
303.14 -124.30 121
-928.46 -788.87 320
961.18 227.64 363
296.67 164.59 399
-255.23 245.95 34
-781.30 -904.11 223
-321.70 -372.91 463
78.95 -867.37 230
-148.78 251.99 379
618.95 -355.82 355
-92.56 -727.16 249
-157.57 -20.29 383
107.76 -707.39 203
242.35 873.90 368
-472.40 -547.90 382
-182.10 -956.85 285
-903.81 804.62 219
-693.90 202.86 168
-452.99 -731.44 282
-758.42 160.68 118
181.74 -46.54 84
-5.04 37.20 297
-99.83 -0.40 175
69.19 -723.75 245
468.12 -483.38 144
-96.04 192.05 203
733.94 -11.20 56
507.37 -402.57 234
710.99 894.47 322
642.14 -168.19 241
-630.73 510.54 419
-701.71 490.28 73
874.81 188.09 30
32.99 617.24 338
126.13 -954.41 487
696.28 300.39 241
-977.23 281.66 219
351.24 -252.85 380
-801.02 -596.24 421
-927.43 287.76 317
225.38 865.11 476
30.85 582.57 305
-228.68 -868.34 484
-912.47 -138.83 472
-823.66 -663.69 324
-715.57 -460.49 56
-445.11 -356.49 58
365.83 302.04 9
-796.50 519.88 462
-930.60 939.76 269
-56.79 -488.14 414
613.27 -836.48 266
-639.09 139.13 99
-159.83 505.42 156
965.21 356.12 323
113.01 532.94 110
291.12 -19.68 389
-478.01 -813.96 67
-772.76 -234.05 75
-462.51 -655.32 457
544.24 -314.86 360
-854.18 5.04 144
-968.57 697.68 84
14.92 932.43 170
41.54 -890.19 364
-419.54 -387.01 49
-143.47 -219.46 473
-613.51 5.71 49
371.14 188.39 211
-200.35 -764.15 200
389.81 -29.15 93
-406.90 240.94 470
603.14 236.85 263
122.47 704.82 42
297.77 -8.82 28
-871.88 672.78 210
311.81 -363.38 402
863.03 255.90 454
-78.34 -7.72 243
-505.78 73.34 69
492.60 -165.50 176
-171.36 -213.35 280
-912.72 -125.10 341
-398.54 -491.93 364
60.40 595.93 157
-897.40 257.18 43
-785.27 -290.26 426
-955.26 254.43 173
618.52 450.48 164
549.91 923.28 399
-82.98 692.07 487
196.81 -729.18 3
-816.64 -734.55 64
482.71 -910.89 36
274.09 69.31 446
56.00 -594.78 67
-445.23 886.59 125
924.38 67.23 485
-29.76 478.62 47
-215.06 528.00 347
17.85 782.10 481
-92.75 32.32 149
482.71 -867.61 412
878.41 778.98 217
64.06 628.53 440
244.67 -542.28 297
-492.29 -711.60 326
-102.76 115.21 116
-179.78 775.20 393
-788.08 -178.62 399
812.98 -556.75 340
706.53 -653.31 197
871.03 525.38 370
575.43 -731.56 11
703.36 685.35 232
155.06 848.14 201
164.46 -828.91 346
-593.25 -81.09 11
-712.94 -354.11 167
133.58 133.64 337
-313.94 -280.43 129
-880.12 506.64 57
-269.45 -514.69 100
-50.39 482.89 311
-409.34 248.21 388
-832.21 -961.36 458
-311.56 351.48 276
-43.92 -195.29 183
-521.47 826.41 130
837.58 -839.05 434
97.75 -251.14 161
371.50 -72.73 261
-496.63 941.16 198
-420.27 919.13 97
-477.89 255.17 45
228.68 -499.19 69
0.34 -636.22 323
-688.83 -399.52 328
-765.37 -977.11 209
390.48 701.71 7
-679.86 -604.11 252
-872.37 -653.31 133
-773.67 503.77 221
-431.32 924.50 268
559.13 -568.22 132
-136.02 -777.46 228
327.98 833.25 214
-714.84 -350.08 201
869.87 -225.68 413
939.70 429.61 482
632.86 -687.43 466
710.99 -323.95 223
42.15 -357.40 184
926.88 351.79 463
-592.52 -573.53 306
-677.24 900.27 147
41.11 -691.40 485
278.85 120.76 90
678.33 832.82 350
312.42 -160.56 387
189.25 -700.06 471
-344.40 -612.05 172
-318.16 762.63 45
688.59 -923.76 476
-319.13 -393.54 458
285.38 991.58 22
365.03 268.35 396
-993.29 -181.80 486
116.43 828.97 467
-202.00 -795.04 182
-875.36 -243.39 397
665.88 -242.10 102
-257.12 205.48 329
-31.04 255.41 41
971.86 -756.40 299
-290.87 -578.66 143
89.63 455.67 326
-189.00 798.94 21
-689.69 -228.74 231
-934.51 -807.73 119
685.84 377.67 36
450.79 -959.29 290
-484.79 -579.76 479
171.06 199.44 398
547.65 -862.97 76
-771.84 186.68 23
-499.86 358.87 118
-94.39 -745.17 111
122.04 -815.49 399
-544.18 914.91 21
-539.90 364.30 181
-215.31 -969.73 66
375.84 -259.74 52
-723.56 554.31 339
-22.13 -746.33 357
-658.74 -340.13 15
715.87 -218.42 17
54.96 -342.63 378
680.84 -336.34 410
637.93 955.26 413
429.55 472.70 46
-256.32 -344.58 163
636.16 614.12 462
-155.86 -578.05 150
-668.02 -27.13 398
-342.69 283.12 184
672.11 -704.82 417
818.78 -735.40 397
307.72 561.39 395
95.74 459.88 240
812.07 -485.46 79
632.44 -433.39 7
-565.78 -984.13 317
-747.86 -683.77 406
-990.11 241.80 367
-29.76 834.22 379
375.77 182.90 366
843.56 -948.18 439
373.21 688.22 399
350.08 -908.93 404
733.39 676.26 406
901.49 313.27 13
-937.50 -640.43 480
-905.03 710.87 485
-960.26 642.99 356
-839.53 -221.41 491
53.74 -481.43 337
-2.96 175.76 32
86.28 532.27 327
-518.23 636.71 423
951.41 495.28 193
609.97 -51.55 206
-730.77 806.27 6
749.38 -351.42 368
-959.90 -717.70 97
108.37 644.70 302
-356.30 -470.44 432
676.56 -521.71 224
-237.95 -146.76 459
650.99 694.02 91
371.07 -224.34 365
-40.19 -19.68 487
-192.79 640.80 211
184.55 -323.40 287
249.31 -213.84 57
-781.73 -867.43 245
-994.99 -387.37 25
-372.30 523.24 433
-987.55 -177.40 158
155.43 -699.64 165
204.02 -617.30 170
370.53 765.98 290
87.56 646.60 173
-619.13 -479.54 168
-673.09 -205.30 268
-971.92 27.07 428
-504.93 -433.76 144
330.67 -507.98 48
789.85 416.18 111
-614.19 -66.07 443
582.69 987.00 35
-278.48 -37.69 160
471.30 379.92 432
473.19 -352.89 240
-722.40 -596.67 72
-21.39 -806.21 379
-579.88 10.83 77
704.21 -810.91 203
-453.41 -230.26 295
73.09 201.76 3
489.36 -324.87 277
-978.33 -238.32 196
-250.10 -812.07 230
207.50 447.74 428
-917.60 290.02 163
983.15 -761.41 208
-422.22 848.14 216
786.25 678.82 61
201.33 930.85 85
724.91 21.88 277
256.14 161.17 332
-891.54 597.77 487
982.24 -26.83 34
743.71 -551.07 400
-290.57 20.72 29
221.78 53.50 296
907.16 -791.74 263
431.07 -62.53 358
-631.82 -869.44 488
-627.49 -561.69 150
879.02 -632.25 161
-699.94 -943.05 69
308.08 336.71 414
492.54 -20.60 393
-652.70 496.75 472
-159.64 712.76 72
-590.81 900.27 83
157.44 -387.19 341
672.17 -388.41 103
-60.40 -369.00 436
-778.19 -350.14 351
-544.24 -873.23 267
-86.03 -919.37 228
-190.65 332.50 437
227.03 950.19 139
-794.55 261.94 482
-763.18 164.95 393
-648.12 781.43 125
-821.04 423.93 450
955.50 456.22 281
111.97 -843.26 184
905.94 -101.96 39
217.51 366.07 116
-789.79 -78.04 372
510.12 552.90 215
-691.03 -878.17 431
436.45 -213.42 302
-685.84 -257.97 83
-730.58 701.41 423
213.66 -786.98 224
598.07 -980.83 40
433.88 673.57 230
826.59 357.34 354
594.90 479.96 26
678.09 -165.26 237
75.47 -654.29 173
498.95 -412.52 203
386.82 -380.54 473
931.15 995.67 389
-425.52 -460.07 154
-495.41 -540.82 457
-814.75 -641.47 78
163.06 189.00 319
996.09 -760.73 138
-91.40 -47.82 403
954.89 83.65 450
-102.45 276.53 480
882.93 -864.68 57
682.12 530.75 143
677.11 -353.62 416
124.73 798.27 342
-712.03 -721.06 241
-937.38 813.41 193
-122.78 532.03 366
-680.10 667.35 282
-469.65 -436.38 152
402.45 -222.39 325
968.32 579.15 178
418.50 994.38 444
-889.22 728.20 351
692.62 937.56 243
-652.09 437.24 421
-563.83 -22.43 192
-774.71 -433.58 242
950.56 -68.82 411
-812.37 -49.65 29
420.64 797.17 165
-686.33 -968.57 122
-341.84 -43.61 248
-149.69 653.98 164
-577.01 450.85 148
80.78 921.87 11
438.64 -509.45 45
874.32 572.44 109
-823.54 468.67 153
-572.19 -162.39 143
-841.85 -265.54 131
461.65 504.93 390
-830.81 -556.02 452
731.56 92.93 157
-357.71 214.94 112
-592.58 -12.73 365
799.25 318.28 369
-91.65 273.35 417
191.50 -13.82 220
-592.03 116.79 87
299.23 357.34 377
701.22 -874.39 343
86.46 865.60 329
-314.07 -572.19 234
-882.08 756.95 103
626.76 -533.62 334
267.98 142.80 152
868.71 6.07 294
446.52 -186.07 488
-980.35 -202.00 400
-618.88 -801.75 134
58.38 28.35 127
-423.75 602.22 293
-387.13 319.32 35
-630.60 -529.95 467
31.16 -84.69 117
776.91 -910.58 102
-910.09 -982.12 90
-192.42 205.30 391
502.37 285.74 36
380.72 -367.11 463
47.40 532.64 485
-839.66 -565.11 242
395.67 898.56 93
762.32 -208.11 337
-194.49 -528.06 238
154.03 607.78 281
-945.86 770.44 321
899.35 -606.37 7
-496.51 878.48 193
-550.71 323.04 145
-670.34 657.64 13
203.83 -208.84 298
917.66 -476.30 93
801.87 -402.45 42
488.88 87.25 326
-690.30 249.49 355
-560.35 723.93 403
-100.62 105.81 349
-126.99 128.09 438
505.48 -601.18 175
652.46 362.04 474
61.31 -170.02 22
-750.42 86.40 199
-501.94 690.97 140
941.40 804.50 384
989.56 -442.30 225
792.23 -684.93 447
-802.67 -202.19 265
-422.04 399.95 365
-242.47 665.40 138
627.43 324.26 271
-793.08 888.36 22
713.68 -752.49 474
225.14 -376.69 74
885.25 379.19 112
-290.63 -277.93 225
721.61 922.54 84
66.50 -338.24 320
191.02 -225.38 196
-565.78 496.57 88
-676.99 845.70 57
-400.86 -965.58 49
-463.67 -27.56 137
394.51 386.21 449
-63.02 985.72 466
-399.03 316.87 168
-533.74 -210.61 247
-918.76 709.95 203
-310.34 -419.78 338
303.14 177.65 306
-479.42 824.27 130
802.06 665.33 118
521.59 -435.35 458
746.45 60.15 384
-133.82 309.61 494
851.56 566.76 153
-170.08 394.76 246
688.04 -788.87 85
58.63 577.50 290
-798.46 524.58 466
83.53 952.09 98
246.99 495.28 282
870.17 -673.88 24
398.79 -496.14 297
-151.89 218.30 93
-525.01 431.99 431
121.31 -125.83 447
-644.15 698.84 449
-341.11 -593.19 235
-958.80 -107.82 219
454.21 -408.80 1
725.76 161.66 444
-821.16 239.05 209
216.77 893.37 15
-15.47 -308.45 202
544.60 622.55 82
-921.02 -947.81 354
-651.54 -70.83 32
-229.83 578.72 121
