1500 18 100
-167.58 -561.51 56
79.44 -572.50 6
-992.00 -728.14 74
-966.43 -71.93 53
837.76 609.12 79
587.57 -975.59 87
-995.67 685.17 8
75.66 -304.54 85
-385.36 -204.50 25
-628.28 -689.75 34
-553.21 984.44 60
-181.68 -760.92 16
-380.96 281.04 12
707.63 -128.82 65
-953.18 -117.95 25
-86.28 742.12 84
12.36 811.15 94
434.49 -6.81 67
845.21 -444.32 107
357.40 123.26 106
-640.74 -750.91 14
359.23 -800.10 11
552.42 376.57 12
542.47 -376.02 68
408.12 986.21 18
-554.43 -565.11 31
-309.67 235.21 77
693.29 -742.06 19
640.00 42.51 72
-773.92 576.28 42
721.67 -97.26 45
-385.24 -687.92 41
275.61 -202.00 85
-125.89 -29.69 116
355.39 -135.53 52
-303.32 -914.55 61
426.50 -711.78 68
373.27 -327.37 110
215.43 -936.09 29
-892.03 54.17 72
-922.06 5.58 11
-777.40 83.83 89
-939.70 994.38 18
121.49 649.10 19
-408.12 -859.19 108
-886.10 -333.41 46
-259.25 -424.85 10
-496.32 835.32 1
-583.67 204.20 88
19.32 -566.88 33
-916.87 251.87 105
-90.67 -321.33 27
-310.04 962.28 103
126.68 -110.87 14
-113.38 755.12 51
217.08 89.21 88
-571.83 -370.34 39
-939.88 -877.68 99
-779.53 958.01 112
-255.90 -73.09 59
979.00 -748.77 49
823.11 -276.65 95
210.24 268.41 18
277.08 -340.98 108
435.77 -786.31 73
901.30 -774.35 88
-501.08 -5.83 2
857.05 -244.91 89
-305.22 -176.67 10
964.23 -247.17 83
-427.47 -882.14 46
-744.25 8.15 8
-155.43 888.06 85
-399.21 -439.50 70
135.47 920.04 58
-919.00 -30.98 67
574.76 240.33 48
528.37 159.95 21
-275.43 886.72 1
448.10 681.39 82
-708.06 -860.53 22
711.42 -288.61 22
-251.08 -659.72 38
-844.54 905.21 14
630.60 490.10 82
-171.97 374.37 17
143.04 -769.59 59
301.68 15.72 46
45.20 814.39 98
-477.89 302.84 83
820.55 522.08 89
-718.92 766.35 18
172.40 -83.83 27
-122.84 -28.41 30
116.43 -380.60 105
96.35 101.35 70
-349.83 -826.59 96
-448.90 -476.79 17
405.07 -738.09 71
-75.72 -792.23 24
-918.45 397.50 85
-991.76 821.28 12
81.09 -669.18 58
-126.19 992.55 76
-170.08 196.20 85
-712.94 898.19 51
91.77 3.27 117
872.13 173.07 40
334.64 -221.84 86
-260.41 485.64 65
206.88 -308.94 41
617.66 168.61 88
-367.23 -863.83 115
-817.93 313.82 92
-784.91 -796.75 93
536.91 -20.05 85
776.42 -453.05 95
-107.52 868.10 22
233.19 567.67 35
682.61 -755.18 65
-169.10 -675.04 62
893.55 290.20 19
-684.01 -49.53 65
-489.24 656.61 75
-856.44 767.27 44
-41.66 111.42 115
555.10 -888.55 32
474.41 -66.44 16
568.96 -772.58 5
776.24 -494.92 48
-147.43 831.35 54
370.65 527.15 75
-661.73 256.32 65
715.99 -253.52 6
558.95 749.26 12
-620.29 -745.17 11
262.12 -254.01 106
-375.35 -433.03 75
-838.98 -951.84 107
-267.37 47.76 103
951.17 -984.44 75
-901.30 -909.67 49
208.66 425.40 9
945.43 -2.41 1
-255.04 -224.28 21
665.40 -961.30 97
666.80 -214.33 7
556.93 892.88 90
-964.96 909.79 22
311.69 895.14 102
881.28 94.39 113
308.45 430.40 31
-330.36 8.64 92
-201.21 711.05 65
345.19 -171.42 21
702.20 290.57 45
-871.58 -403.06 5
198.83 245.95 82
-546.68 462.94 69
-124.30 -737.42 115
-845.76 988.59 19
91.77 125.83 78
-567.25 -571.46 82
-269.20 609.06 66
-471.11 -292.09 31
-139.81 709.71 7
-363.57 981.99 65
-746.64 -144.81 106
-318.40 -584.15 58
519.39 -650.44 97
387.80 421.49 19
-37.14 192.30 96
816.40 276.35 54
519.27 -266.52 16
563.34 89.14 94
-573.05 -318.46 115
247.23 702.26 35
957.64 -2.96 15
101.41 594.84 49
-218.60 -554.00 105
626.82 417.89 21
639.88 -707.14 51
623.95 -299.17 98
-809.44 -961.36 5
-241.86 -225.07 26
-575.00 -495.71 67
358.75 304.42 19
-813.10 173.62 9
-324.75 -739.74 98
-706.53 -209.45 48
551.01 -45.56 102
-172.95 -992.13 5
681.20 132.05 42
-424.67 652.52 107
-450.61 -658.01 32
-398.17 162.14 69
-970.09 122.96 6
-223.55 -795.53 91
-243.57 200.35 90
37.39 666.07 34
-58.57 -853.27 87
439.50 341.29 36
-371.07 52.40 102
-74.43 -981.75 105
635.00 946.65 26
-522.69 -513.29 102
-82.98 244.30 78
-879.57 -453.84 99
-929.38 -377.85 79
417.65 -387.98 60
329.20 700.49 57
838.92 -745.78 76
-915.71 973.08 4
-6.32 211.34 109
-189.86 -160.37 29
402.69 -651.60 110
-394.33 -403.85 40
-478.38 921.38 56
619.86 -911.68 2
-641.10 623.58 75
644.95 -325.30 109
-500.41 -526.60 89
-599.72 429.36 69
917.84 901.43 48
-262.98 395.73 11
-132.85 664.78 116
-581.10 422.96 116
-356.55 -292.70 64
-469.71 -65.58 23
-637.32 37.14 112
-825.62 -861.75 11
-663.38 372.60 89
207.13 942.01 19
415.69 949.83 110
-446.15 -567.37 54
46.05 749.87 105
-576.04 -524.83 64
-988.53 734.37 26
728.14 -984.62 113
146.46 729.61 31
-541.12 304.67 9
-33.17 619.56 102
972.59 734.98 108
420.27 -255.29 38
252.91 539.72 65
-947.63 -887.20 59
601.73 -474.11 69
80.90 451.09 111
34.03 506.94 86
400.74 -473.74 63
-795.89 -546.62 35
-325.24 -229.16 8
210.73 -179.78 59
637.01 -665.03 96
-634.02 -706.66 1
799.86 -512.56 19
221.72 -420.15 58
169.77 54.66 35
-930.05 84.75 1
-422.10 -421.92 43
-968.50 637.99 102
-920.71 -673.82 38
-41.90 -907.83 58
-181.43 472.27 1
956.79 867.55 32
41.23 -104.77 50
-355.39 -383.65 31
812.13 -576.40 2
513.05 -626.76 86
-277.20 -826.90 106
-732.35 -910.58 66
-311.93 -817.44 67
-31.89 581.23 96
-910.82 67.96 51
466.66 893.19 84
-721.12 157.32 56
290.20 144.75 108
57.65 772.27 71
972.72 337.20 103
-575.91 250.34 31
-822.50 -395.67 75
936.77 195.53 9
999.94 235.02 86
653.61 -441.69 33
858.52 -260.72 1
88.11 728.39 94
-374.74 514.82 110
187.48 123.14 25
-652.33 -452.68 36
248.39 -973.20 51
-656.06 -696.34 39
-810.30 -79.50 43
-152.56 791.80 90
949.34 502.91 103
-12.05 -79.01 1
-786.74 -724.85 65
-19.20 -948.18 66
-528.00 210.43 2
195.53 -779.72 89
774.04 888.67 28
-455.85 -785.45 59
-225.20 -187.60 53
-380.84 -284.04 12
-9.06 -331.77 9
467.02 345.87 14
-168.98 -681.94 39
58.99 932.43 46
230.75 -455.85 83
-333.60 -122.59 65
813.72 -722.95 75
709.65 413.80 63
693.47 -537.46 7
482.96 48.19 72
566.76 117.95 92
-292.28 -168.92 28
876.89 -258.64 34
-613.45 536.91 52
797.66 319.01 1
-832.03 624.44 80
857.60 977.78 15
-360.21 223.30 94
430.65 98.24 24
-105.32 618.21 37
326.21 693.04 54
604.66 16.33 4
558.09 310.83 48
956.85 45.99 75
313.21 -96.10 64
382.31 -314.25 115
-573.90 -759.51 41
313.58 423.63 92
544.60 806.63 106
471.97 635.36 55
893.73 973.94 76
-321.39 706.96 98
363.14 -237.71 14
136.69 -444.87 82
801.20 43.24 5
-190.34 172.46 55
154.21 770.13 106
-835.69 889.65 89
687.25 27.13 51
-588.31 458.24 72
-787.35 -383.53 1
709.46 -939.45 4
-709.77 795.16 6
-159.15 202.06 86
988.59 -112.16 94
905.88 380.54 99
-727.10 84.93 106
796.32 715.45 51
-350.51 -966.73 36
935.48 -404.34 18
-393.41 98.61 70
-811.58 129.37 38
896.91 -333.35 35
242.10 994.87 115
-946.41 806.15 58
370.04 451.16 56
973.33 293.44 79
576.83 -977.29 35
-815.55 643.30 7
-81.82 968.08 102
799.13 651.66 35
-436.51 334.39 73
367.90 291.97 86
-845.58 436.93 70
-824.76 -147.07 116
-529.16 228.13 71
-828.91 229.35 108
591.24 -504.32 97
-9.80 512.31 95
-120.88 -604.24 107
607.41 -265.18 74
490.59 -264.38 27
-632.01 -946.47 31
-71.08 -73.82 103
-330.79 40.99 93
724.97 870.97 41
-304.67 -621.94 96
839.66 500.23 77
-416.18 -683.28 102
-875.06 443.65 78
465.19 84.20 36
384.62 -285.38 85
-771.05 169.96 79
504.01 -499.19 88
874.08 424.85 111
11.14 -527.21 99
-853.69 -642.57 38
-454.45 682.79 21
111.06 -808.59 11
292.34 -621.27 88
590.20 388.90 22
-258.77 157.81 23
275.37 -289.65 91
-601.55 72.79 99
-951.41 713.25 52
-432.23 -157.14 17
-139.56 -859.25 78
275.61 446.33 18
674.67 174.66 80
88.66 -653.13 23
742.24 -739.56 74
-781.55 672.72 108
-934.08 425.15 117
-829.71 73.70 35
608.20 927.49 1
-474.41 -7.84 75
828.24 -17.98 115
498.15 923.22 22
-233.80 -595.02 27
923.76 -811.70 65
-637.32 617.42 69
581.23 27.25 112
268.84 737.36 82
449.63 693.11 19
-687.19 -233.07 57
-67.29 -41.35 37
292.34 363.63 44
-524.16 258.46 8
-890.80 646.05 6
-386.33 849.85 104
-293.56 157.87 15
569.38 -867.85 44
49.17 760.06 35
-672.72 859.55 77
-226.36 -918.15 31
868.89 674.37 49
-650.75 497.12 29
251.99 424.42 22
914.37 -360.88 73
-330.42 353.80 60
-391.71 490.04 111
799.62 -266.58 56
-523.97 -683.03 16
902.71 -940.37 31
117.04 -564.68 85
487.59 -137.42 36
-555.59 -795.46 62
196.33 668.26 88
454.21 -942.87 52
111.24 -993.35 106
32.62 974.00 78
-793.45 -200.11 88
-195.72 -97.57 101
-595.14 247.11 33
-912.66 412.21 59
905.39 706.23 111
435.90 656.61 39
378.40 291.36 111
-751.15 691.52 116
512.68 -777.70 39
777.76 665.46 71
-482.71 -376.32 55
802.00 -434.68 11
-238.99 723.87 62
529.59 351.97 116
-966.86 -497.60 76
156.83 -322.24 32
-820.73 25.36 21
-753.90 -784.66 68
353.13 243.39 102
-105.08 173.56 116
83.96 157.08 13
830.81 98.85 77
34.09 225.14 90
-679.86 796.50 18
964.42 -41.35 18
-622.61 -584.52 96
-708.61 54.84 81
-549.55 663.69 19
-49.78 -573.53 115
796.75 17.85 65
-672.72 -668.08 57
-611.26 902.89 81
48.92 752.49 4
-334.09 399.88 72
-351.91 446.39 92
10.22 -659.23 72
839.35 -8.09 97
-261.76 918.52 100
-442.67 850.09 9
-96.65 429.49 104
-689.44 -702.57 22
-450.24 721.85 65
11.81 238.20 47
-497.36 598.93 56
-467.27 657.34 44
-437.79 72.42 105
28.35 78.22 11
350.08 222.27 87
-153.11 -925.53 19
277.63 -247.84 63
829.65 -75.59 30
-577.07 382.31 65
-737.60 125.22 103
-236.43 236.85 77
-85.30 -45.75 39
-534.47 -373.70 72
-251.20 -166.05 21
26.22 327.86 66
243.51 165.68 76
-737.48 896.11 46
109.23 -198.40 85
667.78 -71.93 25
722.10 -328.10 12
791.13 -177.95 68
124.12 -474.04 84
-732.47 650.32 103
-824.34 530.93 14
-810.91 567.43 8
651.36 850.46 106
922.54 944.82 48
-1.62 -451.70 36
477.95 411.05 95
371.01 479.60 90
385.78 -566.09 85
-335.00 489.73 91
975.89 -743.89 88
862.61 -501.57 103
-759.70 -858.46 102
294.78 141.15 88
-658.74 -748.16 58
701.22 -167.09 21
-455.18 304.42 12
452.62 654.53 60
-818.66 716.06 71
261.09 589.83 104
390.61 452.56 36
-623.52 -384.38 35
-834.53 -453.90 60
-86.34 212.44 115
805.23 -552.60 22
-182.04 272.74 36
579.45 305.64 2
-692.43 -609.24 22
-558.15 164.34 24
-316.26 -638.05 13
-741.33 174.41 7
418.07 662.83 7
491.32 506.70 96
-335.12 968.99 74
-161.47 -51.00 106
53.80 -355.45 103
253.82 -559.98 83
-957.21 -137.79 33
-742.73 -717.89 4
507.92 -173.25 69
-191.20 732.84 107
857.42 737.24 31
-548.39 347.03 102
41.11 -124.36 19
219.64 -907.83 92
626.88 807.86 87
180.64 -884.27 109
-115.70 -625.54 27
-288.61 381.33 90
-194.56 183.14 26
-84.08 437.97 30
-551.38 -55.21 77
-741.81 606.62 80
166.97 -533.31 36
-263.95 108.19 90
429.24 -316.57 52
18.52 -638.48 63
301.43 -984.01 106
162.27 108.55 79
-508.04 -146.28 4
-943.97 415.57 79
412.95 -699.94 64
-126.93 215.25 48
229.04 -231.91 56
782.22 -865.41 83
605.46 791.25 22
235.21 155.13 75
71.69 799.62 14
559.86 -578.72 61
844.42 830.38 75
588.61 -498.64 69
847.83 -540.45 5
-95.86 -137.85 44
-218.30 -97.93 18
222.51 -505.78 58
671.25 479.84 72
-281.47 -230.57 102
631.58 757.56 40
-18.95 -24.51 25
-149.14 -164.65 102
-996.64 804.74 52
-715.75 822.38 72
-565.42 -376.32 112
506.15 646.78 46
-524.83 872.49 9
846.25 -672.90 99
555.53 677.24 2
578.17 -101.17 38
-467.09 -29.88 90
-207.01 -401.65 107
-165.14 333.72 56
-78.22 912.53 70
9.80 683.22 72
-77.06 -53.25 35
-221.72 12.48 17
-832.15 -490.77 79
-852.60 -988.04 95
-700.43 -409.04 74
-281.41 667.65 94
-957.76 803.34 73
-769.28 218.18 75
369.49 -946.29 44
881.53 -660.39 109
829.58 561.14 31
319.93 -621.94 16
443.40 -531.91 56
-356.67 -867.31 85
-331.34 64.42 76
-482.41 -669.00 31
728.26 231.97 83
-82.31 -194.68 69
-632.13 414.23 25
-790.70 -291.18 2
-902.58 -553.33 54
608.14 -838.50 34
427.35 -785.21 86
713.13 -264.08 32
786.86 579.39 105
-935.12 430.59 41
-44.28 -427.05 74
777.64 485.64 16
204.26 -215.25 92
483.38 -177.53 48
-831.23 351.91 99
-634.94 -718.74 70
39.34 -675.10 52
180.94 -553.51 45
-842.04 -383.77 5
156.83 -70.53 109
862.06 -475.94 85
690.54 -219.09 87
615.65 206.03 3
219.09 -527.21 45
-603.14 695.97 39
608.20 880.49 66
204.81 -622.97 70
266.46 -850.70 62
660.33 -518.23 103
-868.28 510.12 62
-738.76 -554.67 52
-39.70 247.17 32
148.90 -964.78 21
-771.54 391.77 81
-485.03 -627.61 111
-319.68 540.45 95
-734.00 -506.94 40
-630.48 752.07 83
-481.61 230.38 75
-794.31 -4.61 57
173.86 168.13 79
767.63 357.89 46
469.59 482.71 65
744.25 -567.13 21
-740.59 -97.08 21
56.61 228.49 66
-882.87 18.95 42
746.51 836.24 65
-599.66 -980.04 25
349.96 210.18 96
435.16 881.53 82
-57.22 990.11 67
220.13 -691.40 77
615.34 601.98 18
-246.01 -379.50 72
40.07 -860.29 95
517.93 -516.89 103
303.32 19.81 109
-962.71 -784.54 53
516.71 357.04 17
62.84 551.99 70
-832.45 -313.64 40
989.68 -499.01 21
-47.76 -699.39 50
937.99 534.10 67
-786.37 -666.07 108
-315.78 33.60 36
-670.09 58.87 91
-376.57 961.06 66
714.47 908.51 16
-602.16 337.63 64
-250.59 761.59 69
4.85 600.88 80
-770.56 -738.58 5
339.95 -532.64 62
-12.97 649.34 107
495.04 842.95 108
-434.31 18.22 26
963.81 -176.55 63
341.04 286.97 49
-543.32 179.97 26
-383.10 -191.20 23
-452.31 -839.90 19
200.11 609.24 58
113.50 225.56 47
19.87 -949.83 2
732.41 -277.93 36
-228.74 -513.96 35
-863.64 703.85 23
564.13 466.29 85
-296.30 446.94 55
-593.86 -505.29 45
93.78 -150.00 17
-706.60 -465.80 34
-293.19 -827.69 39
961.73 -413.43 14
-47.64 -342.27 49
-764.03 43.55 47
-419.72 784.05 68
634.27 335.80 37
-184.18 412.64 68
700.98 956.54 56
997.01 243.02 63
-296.79 -542.10 78
89.88 -52.71 96
79.01 -244.00 71
99.52 428.88 66
622.67 -715.14 72
-739.80 57.47 103
-915.52 470.38 99
-782.10 -262.49 113
898.19 885.07 43
471.54 -484.73 49
-624.13 -439.62 24
-643.54 -630.48 116
186.07 515.06 66
-905.64 118.02 60
493.51 -142.49 22
-861.87 -751.52 60
-947.14 -908.63 17
-531.48 -790.95 63
50.14 -259.25 100
892.88 504.56 19
832.82 368.69 109
8.58 -890.26 53
114.23 -261.45 95
-421.74 -537.28 2
-980.53 512.74 32
861.57 897.95 51
720.82 -255.35 62
-779.84 -927.61 15
-368.14 755.67 112
-698.48 972.41 105
449.69 -965.76 59
559.37 715.63 96
988.34 -179.72 40
-948.61 -160.25 19
-992.92 268.84 34
593.62 331.58 45
330.36 -198.10 42
716.61 -438.40 25
-250.83 -323.65 101
-298.75 -204.26 35
-270.06 194.37 89
-479.54 -701.16 109
-916.56 595.20 108
-965.15 -510.30 98
720.57 -251.93 112
-472.33 -608.26 36
688.10 568.47 97
-128.82 -999.94 49
87.56 847.83 96
543.26 -587.51 55
-516.40 -823.24 56
-393.78 -116.06 72
257.00 97.51 86
875.18 627.74 28
-702.63 797.11 97
82.13 -561.88 117
718.92 -200.72 62
147.37 308.76 59
-844.17 -526.11 68
933.59 -590.01 21
-76.20 15.05 38
-648.37 327.25 56
143.71 92.56 73
-358.81 586.90 49
88.78 -103.12 112
324.63 -526.84 12
-232.83 -960.39 5
979.86 -797.78 87
351.79 -24.69 78
-161.66 -66.93 99
-241.62 539.90 22
-451.83 95.43 46
710.93 91.40 115
491.87 -633.90 26
258.58 -143.89 21
68.70 563.22 62
185.83 661.24 91
-409.47 -984.92 45
317.97 -460.19 109
-856.07 -160.31 101
-359.66 -40.13 18
201.82 -709.83 105
-350.75 -79.62 23
-842.16 143.28 73
701.71 -887.69 86
-426.25 -737.30 55
-426.98 19.75 91
8.82 227.03 78
-784.42 -520.98 5
-895.69 -493.03 3
91.46 80.36 89
-637.56 -629.51 100
673.64 123.39 3
-950.38 726.80 5
-971.37 -105.56 105
-888.91 751.03 58
50.81 48.68 82
157.02 -395.31 29
175.15 120.64 9
728.45 130.34 38
-508.84 892.57 100
-588.00 311.93 34
373.52 777.34 31
-794.61 796.20 42
277.99 765.19 58
86.21 -884.95 37
482.89 98.54 46
256.32 694.88 116
526.78 920.16 13
-727.35 518.85 32
160.01 -58.87 113
481.31 692.50 2
-961.12 -55.27 105
-901.97 380.66 12
-605.88 930.05 77
-825.86 -96.96 65
752.49 -843.13 93
797.30 436.14 43
733.57 -470.93 86
-538.56 -979.86 8
227.94 -102.82 82
-160.62 -328.23 70
-859.61 225.68 4
-538.56 -409.77 43
607.47 402.39 12
-708.49 982.97 71
-587.39 -984.37 105
-849.79 164.46 102
483.50 949.03 114
-391.34 554.31 4
109.41 -623.40 61
-377.85 -732.41 98
115.27 953.49 100
36.77 400.86 60
-81.82 917.48 39
432.29 120.15 37
-569.32 717.09 89
-183.20 -493.82 103
-599.66 -109.71 83
-291.54 -947.81 1
-749.38 -497.18 76
376.38 -3.88 11
53.56 -245.70 51
720.63 546.37 116
173.50 631.95 109
698.29 -215.06 62
-371.99 976.74 11
-405.93 846.49 19
557.12 -712.76 28
-948.85 131.87 110
-366.07 260.29 55
-144.57 -928.89 105
36.59 -288.67 85
-728.08 -455.12 115
-22.00 384.01 106
497.67 -232.22 110
13.89 -513.72 29
785.76 470.32 46
666.25 844.42 100
-747.73 -153.72 94
-441.94 -416.43 6
552.11 204.26 11
-489.06 484.85 4
-243.81 -171.48 85
153.17 -129.55 7
124.24 465.01 83
-221.35 301.55 38
300.52 352.03 3
-268.90 761.10 112
9.25 -937.68 32
717.52 -388.16 63
848.63 -134.74 34
-572.68 699.76 100
516.40 102.76 65
900.51 -226.23 93
11.87 451.52 46
-503.46 163.55 29
-718.80 166.72 78
-676.99 643.91 97
669.18 -280.98 11
-173.80 -127.84 41
653.25 896.30 74
191.69 -39.16 6
-81.09 -304.30 52
-515.12 -108.19 49
-866.08 -569.51 35
342.02 841.98 97
50.69 664.48 46
743.95 -678.03 84
53.38 -874.14 52
-777.46 -418.74 77
223.30 878.05 25
8.45 -749.14 88
-327.56 -0.58 28
383.10 935.06 87
-461.78 89.82 80
-903.38 668.51 74
-101.47 -668.08 104
403.67 -916.56 35
-805.66 -161.05 62
-696.28 23.65 54
-198.16 -130.95 82
203.47 -544.05 60
412.58 426.56 86
-310.83 113.99 40
-880.06 57.10 96
665.21 -393.60 83
-182.59 -479.17 53
23.41 994.26 36
-61.74 -247.96 96
-486.19 327.62 69
963.32 328.96 82
-167.39 592.64 62
-266.15 -161.72 113
-613.27 -809.26 105
-307.60 272.44 63
-21.39 -278.73 49
-30.24 -804.74 40
32.75 -301.37 76
12.60 104.04 106
211.22 -831.35 90
-572.19 -550.89 42
577.32 239.60 2
182.04 403.73 79
-868.95 -438.34 105
467.21 947.08 93
791.80 29.45 76
-311.44 -609.06 29
-0.15 -315.16 62
-603.75 391.89 32
-695.61 229.59 59
810.66 990.66 83
835.57 -56.18 100
-854.85 -425.82 65
-310.28 -571.95 41
-551.38 -909.12 97
230.93 661.06 96
-573.23 -360.27 96
374.43 -328.23 14
912.17 929.56 7
-668.45 -108.98 19
573.29 329.45 55
-702.51 236.37 1
-647.08 -453.23 69
-588.24 442.43 53
235.94 629.26 48
-738.40 -677.36 26
528.86 242.10 107
-514.08 795.04 27
-863.58 268.41 70
913.08 865.72 73
588.00 972.66 67
-608.26 -401.90 88
-944.88 502.06 63
-711.60 644.95 78
559.68 -370.04 63
784.84 439.37 5
-753.59 -383.04 31
865.47 882.81 42
-760.19 133.76 85
-520.49 569.63 78
466.54 -402.63 66
-945.31 -481.43 60
158.67 279.21 66
-423.93 272.99 89
802.55 -611.74 10
-929.69 -653.98 82
-682.42 -724.05 30
809.99 569.02 16
489.24 -805.90 26
117.59 -798.33 97
-616.50 -84.51 105
-438.83 -66.50 24
-97.63 -749.99 78
-166.11 391.16 112
-972.90 -694.39 46
961.73 -272.32 89
-85.18 -496.93 81
921.32 541.61 71
-906.19 -891.78 61
537.64 -979.43 69
803.34 -358.38 107
908.14 67.17 11
293.98 -780.94 3
824.21 494.67 116
893.80 -90.79 36
976.68 -564.50 94
99.77 -174.29 39
-609.00 119.72 34
-867.31 141.58 20
795.10 422.35 100
-462.75 -217.51 72
-285.20 285.01 48
771.05 -536.36 102
-709.34 -458.24 102
-439.86 239.42 68
-662.71 -924.86 79
349.47 84.20 44
301.86 840.27 89
-307.05 -538.44 72
746.09 -621.75 66
-828.12 -374.13 17
-953.43 240.64 114
631.40 -221.05 93
-585.07 513.84 5
-545.46 -572.68 28
345.07 625.48 46
-512.74 601.06 19
442.85 66.99 6
338.42 -743.83 76
533.31 -154.94 71
-634.63 436.75 5
227.03 618.46 10
-47.64 -130.83 32
5.77 839.78 95
-39.89 -145.48 55
609.61 -945.01 9
714.84 -142.37 8
324.99 62.04 35
858.52 322.55 61
-66.38 -848.93 106
61.07 215.67 104
833.98 -612.17 108
238.62 864.19 76
447.49 -893.98 28
-216.22 -931.76 9
711.11 -296.91 35
649.46 -531.72 101
493.82 726.80 12
174.23 -2.53 61
-596.73 -646.53 19
560.41 -809.69 62
921.63 -57.95 22
152.13 403.30 56
-624.32 -354.47 95
-631.89 -117.28 83
157.99 -663.56 36
-428.94 -662.53 70
115.70 585.25 45
547.35 -508.77 75
-621.94 391.58 81
887.02 -752.62 43
-672.54 -956.79 110
634.08 -144.02 22
209.88 121.07 99
377.97 -932.37 66
256.39 532.58 109
728.51 952.82 78
411.48 -211.52 106
101.66 -903.26 1
-920.90 787.71 79
204.50 514.51 47
-41.05 394.39 105
779.17 -903.50 75
-701.90 331.58 2
-686.03 968.08 53
981.69 620.11 51
791.44 51.42 114
-922.85 218.73 42
373.21 625.60 2
-17.43 -83.22 35
-522.57 -974.00 97
456.22 141.27 70
218.36 -932.86 26
-218.67 425.70 7
-80.36 -442.85 64
381.88 -914.24 74
-381.27 -347.94 109
-382.12 418.68 1
-594.35 -981.02 54
492.97 -270.91 22
333.78 -903.26 99
852.96 945.07 41
753.59 -601.86 103
-403.61 758.60 56
-497.18 -943.11 112
704.40 373.82 2
687.19 916.38 18
-227.33 307.23 101
53.74 -349.96 47
-544.05 516.89 18
450.42 938.72 87
47.09 688.10 34
819.03 -141.82 66
-424.05 -977.23 90
846.92 -395.98 18
565.90 -381.76 46
-953.73 746.02 5
184.12 -272.99 103
893.19 615.71 38
-787.29 117.59 109
990.84 433.52 34
-696.95 -353.37 19
272.44 630.30 9
-395.37 271.34 100
-722.34 759.51 71
-667.35 307.35 112
776.67 -319.25 48
404.40 -956.60 85
720.51 574.76 63
184.79 89.88 80
924.74 73.03 8
886.53 -672.11 1
-714.41 -399.27 15
-484.73 -716.42 38
943.42 192.30 36
695.12 426.19 13
-112.77 -207.07 94
491.38 534.35 77
299.30 656.97 12
729.91 -862.24 70
-297.16 145.05 48
531.60 374.43 90
969.48 -742.12 96
-900.45 -348.55 60
695.61 -127.48 29
-543.99 522.32 11
636.95 120.46 23
-921.75 -574.94 25
30.55 -87.62 57
484.05 639.33 10
-999.45 -473.74 35
-996.15 -759.15 44
74.07 -323.40 4
517.32 -769.65 42
-615.28 -166.78 52
-944.88 624.13 92
661.61 997.44 98
-854.67 377.48 1
838.01 -70.22 90
845.09 812.80 116
-676.56 201.21 11
811.46 992.31 90
907.04 -336.89 1
768.61 465.25 52
154.27 248.76 109
-424.36 275.86 18
274.39 676.26 6
-959.11 293.62 5
-984.74 -120.03 22
914.06 72.85 18
-553.70 -906.43 117
-634.08 -189.06 4
-244.42 -301.00 72
-10.53 -192.11 1
679.86 491.38 103
-830.38 378.58 2
-859.61 139.19 58
833.00 691.27 17
-665.70 590.69 42
-661.37 -258.10 3
-825.43 -755.97 69
-126.93 881.83 21
-162.27 110.81 1
-600.57 242.41 68
507.13 -797.85 53
249.86 294.41 65
452.62 -779.78 29
-923.28 -107.58 96
-393.96 -426.68 14
351.79 739.13 29
30.79 22.55 5
168.37 500.84 85
-610.16 144.08 93
-987.24 80.42 22
943.91 515.31 86
-326.27 37.02 2
3.75 -651.05 67
806.94 102.94 105
-623.16 458.85 69
113.99 -579.09 54
-572.44 -803.58 102
-121.80 772.15 13
-827.33 593.01 49
-18.95 925.90 55
603.87 635.61 56
-256.87 576.59 6
415.02 -361.43 1
252.91 382.49 76
772.21 302.16 97
-496.81 -359.60 105
936.64 521.96 107
-87.07 370.89 93
-301.43 580.43 23
-94.52 -708.12 107
-58.69 259.38 76
410.63 588.61 6
486.86 -80.17 2
-312.30 777.70 12
-73.27 939.39 79
1.07 581.77 56
-340.68 -657.77 24
-353.25 807.86 25
94.88 239.78 16
-98.91 -973.02 18
194.74 78.71 74
866.70 621.39 34
-560.90 918.21 24
-800.84 751.88 58
210.43 271.89 71
544.60 258.58 40
693.84 -288.49 62
456.71 -319.32 86
977.11 -316.75 66
-147.86 727.35 99
-664.66 -915.65 95
938.05 894.10 92
952.39 341.17 105
-731.32 -247.72 28
821.10 261.64 5
-592.58 -11.14 9
-478.01 67.90 29
-174.35 -206.88 39
253.82 984.19 61
-570.48 926.82 108
-864.80 823.24 26
-302.10 19.56 58
-339.58 424.67 103
-888.97 558.21 117
-477.52 801.69 65
580.37 931.76 110
-929.75 700.98 31
222.02 -990.17 82
682.36 221.66 31
-712.45 -688.41 100
582.51 -575.24 41
632.62 123.26 105
325.42 -257.12 11
-986.94 194.80 68
-391.03 722.83 24
-995.36 -869.38 83
463.42 -549.36 76
-313.39 -451.22 29
480.51 -831.84 45
-326.03 -242.10 26
829.40 -656.18 18
-133.46 346.17 5
603.75 59.48 34
662.10 -60.34 112
-181.86 -735.65 36
-395.31 -280.74 99
356.43 485.03 31
753.90 336.04 74
633.53 -794.43 3
721.73 -114.78 21
908.57 609.67 94
579.33 836.85 62
-670.22 -63.14 35
-70.41 527.15 29
-843.32 -378.28 107
-362.90 -757.56 11
435.90 882.50 55
-760.19 -679.56 58
-41.11 -221.96 83
196.20 -692.80 53
848.38 -808.53 38
-905.94 290.99 28
858.39 983.34 29
14.74 333.96 1
-318.22 936.95 35
654.71 692.74 53
-517.69 -657.22 89
812.25 -493.09 49
764.03 380.90 80
693.41 92.38 22
804.86 125.16 51
433.45 -849.85 89
-537.64 244.18 93
-485.27 348.92 106
459.70 572.44 41
-358.87 99.40 82
530.87 916.56 21
-647.76 174.35 86
-707.94 995.73 65
-524.70 -625.48 17
662.89 -453.29 15
-324.81 965.15 60
-664.11 -406.84 90
115.82 -659.17 77
439.99 948.30 15
842.22 -410.50 51
404.22 -571.70 71
-812.56 545.27 102
-638.78 -740.65 102
540.70 820.37 108
-519.21 -993.96 51
442.73 -583.42 61
643.24 294.29 99
448.59 -901.00 51
99.70 883.60 42
761.89 -983.95 9
-523.67 -476.36 2
-443.34 319.74 98
-99.52 -245.83 1
406.66 26.70 111
-573.72 -379.25 89
-412.09 -679.56 36
-452.80 441.39 28
465.01 167.58 103
666.74 512.56 77
952.45 -231.79 2
-802.24 -760.06 53
425.46 -777.76 52
732.47 -128.76 48
674.98 126.74 52
-288.43 -956.79 102
-182.65 -132.30 12
-521.23 985.35 94
732.60 393.60 110
783.32 -307.96 11
854.92 -509.02 30
935.97 -53.32 52
239.97 -705.86 75
-810.36 -15.47 46
23.35 -817.13 18
-254.68 -908.02 35
-80.17 620.35 107
-663.26 782.95 98
-457.01 -906.67 63
865.29 635.06 113
295.94 401.23 105
-703.73 -343.67 32
650.87 339.15 1
233.92 -571.76 55
46.66 -407.03 25
517.26 495.59 19
-365.03 648.49 62
-923.34 790.77 79
-44.40 -23.35 68
400.49 538.19 113
561.14 -67.35 47
-454.57 339.95 80
897.95 -50.69 61
-75.17 241.25 52
-372.17 970.03 9
377.73 -235.21 31
-701.22 -101.78 109
-489.12 439.62 16
-911.92 -608.94 79
262.43 -522.08 107
502.73 -156.04 54
-689.08 226.23 17
-324.99 152.13 82
-399.52 84.08 26
-510.42 -959.11 61
-887.94 -7.05 95
-531.54 684.19 111
347.51 -397.44 52
-623.22 221.96 22
39.83 -930.97 40
141.21 -94.52 49
625.42 381.15 68
-856.56 175.57 107
-749.57 394.94 102
521.10 -715.08 41
-208.04 638.60 102
-985.29 -658.01 88
-201.09 -331.95 86
407.03 -856.81 39
654.16 574.08 107
944.46 117.10 8
870.05 -600.51 1
576.83 380.47 58
514.02 -20.17 95
631.95 549.91 85
560.29 -682.00 100
-76.51 816.64 42
-266.46 -704.09 7
512.44 -876.95 13
398.48 -440.66 40
-341.84 332.87 56
-492.72 -956.42 60
156.96 -697.87 69
-208.66 77.85 93
-483.02 1.37 48
-471.24 -425.34 41
-479.78 -457.81 86
-416.85 718.74 18
-90.91 -609.67 30
-760.61 75.72 16
-526.35 -560.84 41
915.71 -612.54 47
943.85 -766.72 95
-653.13 762.63 14
-939.09 -287.39 104
576.77 755.12 113
274.33 -352.09 99
-699.76 -795.04 86
-86.40 708.91 35
-975.77 935.18 16
694.81 -905.64 89
-589.83 716.24 83
-735.22 -889.58 35
273.66 571.70 66
-570.48 258.52 1
-699.58 -251.99 13
-2.23 -459.76 115
-163.85 -225.50 103
50.26 48.80 57
-620.35 225.93 44
-833.19 748.16 4
-104.59 -660.51 110
960.69 -106.17 19
-980.35 -236.12 89
-570.85 -933.59 5
-90.49 -308.08 71
-615.71 -471.54 109
128.51 -304.54 5
823.66 822.99 21
-173.07 -10.47 18
793.94 455.31 28
-194.49 -141.39 102
-665.09 398.36 21
102.63 823.66 15
719.84 269.63 12
765.62 71.99 70
-319.32 -384.56 96
-297.40 955.08 109
875.00 35.13 103
-778.68 -759.82 45
758.35 -851.74 15
284.71 -477.10 107
533.13 -101.96 89
908.75 25.42 39
-810.30 -362.10 90
-258.22 163.67 108
-900.75 -873.10 48
945.31 23.04 73
-598.86 -796.99 63
-703.18 477.34 26
808.47 -234.41 26
208.11 -621.63 75
-324.32 -967.41 1
-664.91 -720.51 14
-508.77 87.13 62
-81.82 -217.20 113
615.83 -252.36 70
163.06 -924.38 96
342.88 -964.23 99
-880.06 785.70 75
-546.07 220.56 89
880.18 195.53 95
634.21 -154.64 25
742.42 360.94 107
647.57 -461.47 100
551.26 25.42 100
300.88 19.87 14
929.93 -335.86 84
197.61 -200.48 21
867.73 -224.40 74
349.89 -134.13 76
-669.97 919.49 72
126.62 427.23 60
483.93 220.07 18
19.07 762.69 68
-973.82 372.23 76
554.67 -306.92 86
217.32 846.80 13
628.53 -641.77 4
-198.46 -754.26 102
-189.61 133.52 19
-700.80 -144.32 55
-939.15 878.78 11
-576.59 639.70 99
14.98 -451.70 36
-136.39 -558.64 80
807.92 -261.64 45
633.96 -693.11 67
575.79 269.14 4
-137.97 -201.15 42
-478.87 637.99 116
535.81 247.29 39
-972.11 384.87 92
-408.12 289.28 66
-996.40 339.27 59
59.48 -945.19 22
-338.91 -388.84 67
24.75 -796.69 6
580.98 -698.11 65
200.60 -43.31 71
-631.03 -507.07 7
124.24 559.98 59
-211.52 -627.86 86
713.86 480.70 4
-841.49 625.29 108
-661.73 -622.55 34
-687.67 709.28 39
-48.37 689.75 24
757.50 582.14 10
455.61 -145.05 53
122.23 137.55 21
-465.19 -80.48 100
756.28 -760.67 75
-987.24 -98.67 80
-267.25 112.28 38
542.83 958.43 66
-276.65 -820.49 41
