1500 18 200
439.37 449.75 51
-468.67 485.82 88
910.70 605.27 92
730.40 -133.21 8
-871.03 993.96 98
109.96 262.37 16
721.24 544.60 64
724.72 -721.73 6
623.71 -214.03 94
538.50 -471.72 5
-921.57 -525.01 81
-812.49 -319.80 27
-901.12 130.34 88
516.65 746.09 36
-749.02 429.49 16
-485.40 -763.85 93
-663.01 -786.07 89
-657.52 -401.59 23
-227.45 224.10 172
-443.22 134.56 224
-623.46 908.93 126
635.12 571.34 91
186.50 973.51 73
758.66 923.76 163
-975.52 984.62 7
747.92 -537.64 163
-876.89 610.40 4
331.95 -259.25 163
419.48 168.49 133
-188.09 2.84 99
-604.24 345.93 38
-98.12 123.02 158
-166.54 -508.59 34
-655.45 780.14 169
-195.53 9.37 166
-936.46 88.90 182
899.04 -644.34 2
-637.20 -351.42 73
334.03 -795.59 47
-713.98 175.82 71
449.75 763.24 198
937.50 -183.63 149
433.64 -781.37 57
601.43 -877.86 20
-838.31 141.82 201
-873.10 795.34 127
-932.98 -374.92 38
516.89 882.26 189
183.26 205.85 181
226.42 401.59 176
218.60 512.50 36
-413.50 -340.31 18
-59.85 290.32 146
272.01 994.81 174
544.72 281.72 175
-918.82 649.04 17
304.36 594.53 88
735.59 142.74 48
856.93 -53.32 191
-806.76 -829.58 209
313.70 -226.23 103
348.74 899.59 217
124.42 -124.18 223
-785.94 -111.97 79
629.32 316.14 41
993.35 -115.57 65
-315.96 -86.64 212
121.68 796.38 8
919.61 -858.64 64
595.57 348.98 80
344.34 816.22 228
-983.95 -335.25 103
-643.36 -138.83 133
961.91 419.72 78
71.81 -54.66 19
-160.25 -374.07 224
414.04 135.72 101
-506.64 -295.08 120
947.02 -851.56 79
-179.48 -403.36 243
152.75 566.33 228
717.03 451.09 95
-923.09 -228.92 38
75.29 217.75 116
-817.26 560.29 212
570.24 438.28 36
152.81 734.98 160
-189.55 -998.41 214
488.08 -393.84 227
-622.43 -198.71 167
339.27 619.37 224
558.46 -626.33 199
302.35 -603.56 231
455.92 964.11 138
-816.71 -315.53 113
-113.99 -703.60 103
-777.03 -764.34 63
285.56 -125.46 8
230.45 773.67 5
-986.39 162.45 96
-249.12 170.93 19
-813.35 -271.83 16
34.88 -968.32 54
-218.42 -354.96 49
-556.51 282.51 117
435.35 -632.80 146
-747.80 -622.67 8
-598.01 -806.94 58
-131.08 572.56 179
760.06 -457.20 99
501.69 -332.99 113
432.97 -142.49 116
547.72 -111.30 174
153.60 -771.23 192
684.93 487.84 176
413.31 -861.69 49
70.77 319.93 54
-60.58 -827.39 235
449.69 -483.69 103
594.53 537.71 216
-418.99 -496.63 187
-970.95 873.04 53
485.70 -618.21 221
208.29 508.16 154
804.99 -721.79 218
-691.34 170.45 224
-660.39 970.58 135
-293.62 482.35 22
-177.10 -875.24 67
92.01 -361.49 149
437.42 -890.62 114
-589.16 673.02 37
765.37 -173.44 84
577.01 963.62 188
-999.15 565.36 172
-988.28 -670.89 220
622.06 -207.74 59
244.18 -499.92 239
546.68 -700.80 153
350.20 137.42 126
-647.82 -524.77 175
133.46 189.37 133
-345.50 910.89 122
924.01 -544.72 112
482.83 328.71 174
938.17 -970.82 197
692.43 -787.10 150
553.15 63.51 143
382.98 -267.19 78
851.80 -718.56 155
-813.23 871.46 113
643.67 -874.08 21
-598.93 332.62 101
-892.64 605.52 22
-475.75 -950.07 239
486.01 -955.99 44
-946.65 -776.79 198
144.99 305.40 199
-327.07 -4.73 74
26.09 892.76 51
450.06 -579.70 224
345.74 877.13 125
611.13 -497.97 97
-452.86 -873.65 157
148.05 -946.84 46
270.06 -955.20 106
-849.91 -806.09 213
-301.80 -758.17 164
616.26 718.13 203
337.02 472.21 103
-160.56 -441.76 11
308.94 -914.49 197
-498.09 429.24 237
882.75 -662.59 172
641.22 -327.62 236
-574.14 -507.00 92
885.43 604.66 231
534.96 959.29 194
61.86 559.25 30
-990.05 947.87 242
710.68 525.01 181
-157.99 660.70 161
428.14 108.43 17
731.01 -52.46 81
-421.37 702.69 196
92.62 -941.22 150
995.42 502.24 146
297.40 -235.88 34
-907.96 598.19 224
265.05 967.96 102
-424.79 82.37 51
-241.13 -713.31 184
938.05 121.80 47
42.33 103.49 195
370.10 595.75 161
218.91 633.47 194
896.66 358.07 99
-168.31 774.22 131
702.75 -243.14 218
395.25 -779.35 96
962.83 -49.71 85
-274.82 749.81 165
327.31 64.00 133
-534.96 976.44 103
-231.18 582.51 194
339.27 492.42 206
10.28 -193.40 212
-366.56 386.27 148
495.28 -2.78 229
-529.16 938.41 21
-931.82 -798.09 238
861.45 58.44 31
457.69 -14.92 180
-492.84 -981.14 67
550.22 -402.20 238
-808.16 -504.01 215
-443.46 -215.00 41
-472.88 -894.59 182
-247.72 679.56 126
-889.34 -236.43 110
-222.02 332.32 32
-968.38 -430.28 198
751.21 -381.94 165
-619.31 -263.83 159
932.80 -208.72 229
-760.12 643.36 48
645.62 -903.07 48
785.09 617.54 191
821.16 -188.94 172
890.38 766.47 124
191.44 155.98 54
-780.57 415.39 65
-989.20 941.28 93
482.41 -388.23 89
519.52 788.75 97
568.29 -938.66 112
416.06 645.50 62
-102.82 972.11 235
622.43 230.99 63
804.13 -137.00 211
-135.53 349.77 18
-664.78 -301.49 112
-701.22 -121.13 55
-252.36 -25.06 99
-159.76 964.11 136
507.00 -123.02 25
241.92 772.76 187
-75.78 -422.41 182
590.14 -686.51 5
16.02 430.59 136
-39.70 585.31 119
956.79 450.12 149
780.51 917.36 196
-129.98 -665.09 86
-782.16 51.12 121
930.17 -374.68 63
-107.27 -446.70 205
-940.98 634.88 51
-318.77 -225.32 36
-833.00 814.45 142
544.05 -955.50 138
-863.09 -551.19 8
461.53 -644.34 78
-149.88 -711.54 55
-78.04 -293.68 168
-255.23 -850.64 53
237.89 -232.95 146
930.42 904.54 69
519.39 891.11 56
-986.94 -93.11 1
-348.98 925.53 215
-242.35 963.81 142
-642.08 67.96 136
779.96 784.05 61
-346.48 -609.67 105
-128.70 -410.63 86
-112.77 -124.36 200
-436.32 568.53 86
504.81 128.82 93
388.65 -689.08 4
-252.72 -415.51 66
-773.31 -468.37 107
-902.46 -714.53 192
428.69 -456.04 228
581.65 407.39 238
268.11 -699.94 197
-695.12 -107.27 202
8.33 -348.98 79
-911.07 -905.21 211
-317.12 -971.37 188
-966.80 -539.41 103
-151.40 -727.47 44
-499.56 -746.82 90
324.87 -939.02 241
670.64 -617.30 173
-471.11 -385.17 203
670.28 822.99 2
-288.80 266.46 76
616.69 -903.87 94
426.13 382.31 92
-33.11 -845.27 168
-794.12 239.72 211
581.96 932.68 75
876.46 41.66 150
-847.16 120.15 31
-480.70 551.99 219
344.89 599.23 206
-2.53 106.36 241
439.99 695.79 168
-538.19 239.48 100
652.70 -775.81 113
-392.13 -872.86 180
-91.59 -543.14 85
-110.81 -281.23 87
-45.44 -91.59 221
682.36 -922.18 238
475.75 419.23 168
-223.91 314.43 128
-345.74 716.67 107
-221.17 -177.59 8
-395.06 665.40 68
357.04 -412.03 146
-429.85 -951.35 56
-123.75 352.70 228
-62.04 -805.54 47
270.06 -344.65 12
289.04 -673.45 15
-940.00 481.92 22
42.45 -568.53 112
-357.16 679.31 197
102.63 935.67 16
-507.68 -316.45 224
-540.70 834.53 236
57.28 725.94 117
-786.55 357.40 8
105.14 762.14 168
-761.10 37.08 30
330.24 171.67 230
897.70 430.65 79
-546.25 -957.03 218
152.26 963.13 163
-951.35 -151.65 151
312.17 679.43 116
167.58 770.01 204
-233.62 352.15 181
-204.08 -885.49 115
634.33 -354.96 159
-564.01 -603.08 25
569.81 131.99 29
6.87 -960.57 115
-779.35 -840.94 188
967.71 -538.62 45
336.71 -923.09 179
-610.46 888.55 73
-526.84 -504.56 112
858.88 728.20 163
916.62 -811.88 133
850.95 -903.50 181
-900.69 -661.06 100
810.24 289.53 95
637.56 -765.62 111
-136.57 916.75 188
455.06 -492.23 36
-871.46 -690.12 166
509.87 890.80 21
-788.87 -66.62 176
-343.49 367.29 225
951.29 103.18 117
-581.59 -88.05 236
-948.00 -374.92 12
149.39 -127.54 99
130.41 228.86 168
490.40 -221.29 73
-766.23 166.17 139
-577.81 177.65 9
215.49 -704.52 47
-173.50 254.01 191
-198.10 653.92 44
552.42 -251.14 8
970.40 -841.06 58
-216.77 287.45 216
635.61 -50.63 161
-728.81 918.88 215
-136.57 -797.78 4
-7.35 -295.94 100
151.10 318.46 139
236.00 -180.03 202
967.77 -615.10 4
308.88 -883.48 45
8.39 -938.23 237
-803.16 634.39 176
708.61 750.11 77
867.24 496.87 116
-240.82 319.99 8
745.78 -902.83 225
896.91 75.23 241
-555.83 -153.54 12
374.19 242.41 105
334.39 -807.86 243
484.54 355.45 19
-693.90 400.62 34
586.60 -293.31 235
249.79 -24.93 94
480.03 -194.01 4
-266.88 -193.88 241
989.50 -223.67 144
234.17 464.40 164
-537.77 -927.61 136
406.78 -290.99 25
-175.39 84.57 21
436.81 -464.28 90
128.76 -665.82 195
-152.07 -810.24 207
-599.90 -669.24 14
-614.61 757.07 49
317.30 991.70 118
-906.19 483.81 77
-925.29 78.46 112
664.66 -896.24 73
936.83 -378.83 150
799.98 424.48 240
-254.13 -959.11 61
989.38 -510.48 189
246.93 888.61 81
955.63 46.60 204
-221.17 -957.03 211
-641.04 51.06 104
921.81 -893.98 215
-599.54 -212.93 134
-684.68 -154.03 167
-17.06 124.61 210
-662.77 -878.23 109
329.26 721.24 99
898.31 23.35 4
661.43 -148.90 155
-482.35 229.10 73
971.92 -728.63 99
-649.71 -925.11 173
-687.92 -652.15 239
-819.33 -218.24 98
-362.59 -174.05 120
844.05 -33.54 139
328.04 384.01 103
316.93 -794.73 189
-691.58 705.68 132
100.74 -717.28 82
-544.66 497.48 17
-257.30 88.96 211
-26.15 -84.44 130
-343.85 -818.35 215
877.99 490.95 141
62.47 -952.21 116
-112.70 119.30 145
129.31 336.10 35
-803.16 -756.10 69
479.35 -957.70 205
939.27 -726.43 38
-566.39 51.97 22
-8.45 779.11 57
-109.78 -158.73 72
329.39 360.52 48
-133.82 749.38 20
-349.59 -480.39 12
-295.69 -682.06 179
-272.50 654.65 93
-986.14 994.63 43
159.09 676.02 181
821.10 265.18 194
110.39 -36.84 25
-586.54 270.42 116
-467.57 -301.37 1
206.27 417.34 74
-538.62 276.22 38
902.65 -327.80 32
-420.82 -265.30 62
-496.93 367.53 232
-478.44 264.26 231
600.27 -283.00 110
-314.37 -973.63 163
-884.27 -934.14 44
778.56 -938.66 240
453.35 -546.13 78
306.92 -812.07 85
203.65 -411.79 20
-118.99 770.81 198
-712.88 62.17 148
852.29 299.36 24
22.61 861.26 220
667.41 130.59 162
-702.75 -874.26 213
-347.33 -246.68 220
-948.24 32.38 23
994.14 777.28 142
-79.26 770.44 146
697.81 794.61 226
-656.97 -828.24 11
553.27 544.05 127
-977.23 -147.74 184
830.32 -312.54 123
530.38 993.84 132
-135.04 -767.51 156
338.66 -616.20 31
84.20 -550.22 153
937.01 -714.77 5
-365.95 -706.29 60
-894.65 -613.15 223
855.77 -908.81 171
217.99 728.57 90
656.85 857.36 234
824.03 357.59 126
593.43 292.46 154
975.10 -193.21 75
-533.62 -454.15 25
-913.02 -466.84 34
-304.73 463.97 204
-218.36 -521.84 116
-96.35 511.40 211
-589.83 -853.76 102
-699.33 120.15 108
-944.15 -692.31 238
-198.46 -867.31 80
-994.02 855.71 6
664.17 -491.50 240
218.42 -256.69 120
970.40 -189.79 53
-564.50 -460.37 66
798.39 429.61 77
-426.80 223.91 86
-328.90 -704.76 140
76.94 640.86 39
74.86 185.83 140
-651.91 -192.91 12
-235.63 -6.99 119
-652.03 248.63 24
468.79 -403.06 214
-666.74 4.06 68
-276.77 -325.11 103
-380.23 108.01 152
135.72 19.38 83
-445.05 508.59 101
-303.87 -960.94 116
759.70 741.14 169
-991.88 -693.04 215
-578.36 -491.68 21
-191.44 -444.14 43
240.15 870.30 138
-900.88 -349.65 198
-219.58 -734.00 237
-109.78 -964.29 56
752.01 328.23 126
199.93 -766.90 92
-679.13 656.73 122
-184.12 -642.38 13
-741.39 645.50 168
660.27 641.83 79
-235.33 -649.40 125
646.35 -205.11 202
429.67 499.86 205
-62.11 -32.93 213
-722.83 -672.72 11
-241.62 376.57 30
390.61 217.20 90
605.21 -466.23 67
539.48 409.71 47
150.06 720.63 137
-273.84 510.79 98
500.17 198.16 171
918.09 -494.98 215
-890.62 778.56 237
-324.14 -354.41 74
709.65 147.74 238
-830.26 240.33 43
433.94 926.21 71
457.69 216.77 133
72.12 143.65 195
119.17 679.98 241
-611.62 -158.91 211
-341.53 -271.71 155
-112.83 141.27 115
-253.70 -187.41 165
588.43 -398.72 11
-371.68 160.25 30
-479.90 -772.27 102
121.80 495.59 51
-2.96 445.42 44
-183.75 711.60 141
587.82 -187.05 243
627.61 -456.83 99
-777.34 629.26 17
984.74 906.37 189
414.84 11.93 151
899.78 647.51 168
-695.18 -181.37 12
-759.45 250.89 189
446.27 -843.26 56
-67.90 818.66 22
175.70 -545.95 112
820.37 -371.14 220
304.85 374.13 212
776.85 31.77 204
985.35 526.11 224
-434.00 622.30 158
-819.45 -832.88 175
-719.41 769.10 213
-522.87 197.85 106
30.67 -53.87 162
-760.31 -61.37 93
293.68 -856.75 90
-397.99 -286.66 198
150.06 -816.95 63
740.59 -606.74 22
-211.77 291.30 10
-441.88 -972.17 34
417.77 -992.92 151
-456.04 755.85 221
325.36 -275.80 89
-555.89 598.68 181
-497.36 82.67 199
706.05 -256.02 201
306.62 -677.54 4
712.58 -226.36 193
-755.42 -172.95 119
839.96 231.79 124
448.29 -337.44 124
612.66 214.76 207
966.37 -776.24 140
935.42 542.53 202
-83.83 -636.46 51
-192.36 -205.66 4
40.19 873.84 14
321.70 307.90 19
-442.55 -859.55 25
356.43 -598.62 165
645.25 473.19 220
-536.00 831.05 214
668.32 -747.55 49
245.16 95.80 204
-345.93 903.38 147
278.18 890.80 239
733.70 32.69 209
-342.20 -952.70 65
-414.59 -877.38 107
-347.09 925.35 41
577.56 187.90 55
-828.00 -302.29 139
-438.89 -954.04 217
866.76 -468.31 30
360.76 555.10 20
-931.33 582.63 130
204.14 600.15 138
586.72 -780.33 229
863.83 2.53 109
-58.26 251.14 133
-584.09 142.37 106
136.63 -643.48 20
-507.43 -837.03 219
-203.34 720.76 185
969.73 430.28 201
722.53 -758.72 53
-555.77 686.51 120
-175.27 905.03 123
857.91 -670.89 175
-697.68 -754.88 95
-529.53 -300.27 179
40.56 450.91 232
-668.94 -554.37 107
788.08 955.32 210
676.14 -839.29 102
969.97 -575.85 162
-434.37 -125.03 98
-733.02 261.27 81
-209.69 -205.11 151
576.77 279.95 136
897.82 247.78 73
-69.61 319.07 232
-651.84 -699.21 235
615.16 -444.26 128
-438.22 266.76 20
396.16 332.32 35
219.64 513.05 219
-405.07 -275.12 97
869.38 917.78 94
-885.86 -912.90 114
923.64 -790.28 86
548.33 647.08 83
-232.28 545.15 113
-459.33 -821.34 8
-835.08 -748.16 218
784.05 -945.19 44
-285.07 -22.68 228
-230.02 865.96 184
31.53 -257.97 224
-181.74 -487.78 83
808.10 -109.23 56
310.59 -506.15 116
288.80 -109.29 125
668.14 -716.61 73
-896.54 599.96 173
-306.86 -581.65 125
-790.28 276.65 201
695.97 549.67 183
65.65 -539.84 11
598.38 373.82 211
-622.91 189.25 194
-807.55 410.69 149
82.74 71.63 18
191.69 -781.61 58
-103.49 -259.25 137
-114.96 109.29 179
985.84 471.54 69
-647.63 996.89 132
-543.75 435.53 129
-440.53 -84.44 197
-490.52 501.82 45
485.15 256.08 234
-326.94 883.11 162
983.03 -890.56 151
631.58 -459.33 60
600.45 553.21 239
160.25 -655.45 177
-685.48 -502.18 8
729.06 784.42 232
-647.21 -908.26 26
-244.42 -202.73 195
192.05 -95.55 40
-512.01 -732.66 50
723.01 424.73 170
-652.15 -792.90 134
681.94 70.41 187
504.87 -191.44 207
32.32 161.17 103
737.48 695.36 179
-719.90 -598.50 95
-483.20 70.59 192
976.81 614.67 203
970.21 287.45 115
150.91 -998.35 81
198.34 919.92 77
367.90 -669.97 4
581.41 -68.76 8
-208.29 428.08 125
461.53 -724.91 75
-731.80 427.29 224
-812.74 472.33 27
-688.59 -392.68 182
-801.63 -368.82 106
208.90 -301.37 205
861.81 -725.94 155
508.96 -651.30 128
401.53 -553.03 18
-823.30 -602.47 142
735.77 169.29 10
940.49 892.88 73
601.31 583.36 174
58.32 -343.55 38
-743.40 431.87 120
162.33 -67.11 150
557.24 -20.23 106
228.49 470.81 3
-454.33 455.00 56
337.44 -454.27 201
-859.74 -243.51 50
971.13 -812.86 121
290.08 824.58 200
-608.14 -528.55 137
344.58 -69.67 146
-580.68 -567.49 154
-391.89 473.80 16
-89.51 177.28 194
-634.82 -69.25 224
-297.34 422.96 90
324.26 607.96 69
-42.15 -855.59 235
679.86 104.71 168
-11.26 587.94 201
91.95 85.97 156
-987.61 -184.73 12
72.24 -602.89 62
-892.76 449.45 177
801.69 946.65 62
-798.09 637.87 209
-465.99 394.33 202
-557.05 691.76 51
711.29 -233.50 27
-973.51 645.86 198
983.58 -81.27 231
-213.60 360.39 211
-262.73 -462.20 144
-242.04 -989.07 170
-262.06 361.55 47
828.55 -872.25 182
-657.40 -246.86 8
-297.59 -994.26 52
-322.79 -58.63 84
987.61 562.18 211
-539.17 -615.47 166
513.11 -186.38 112
-963.38 -924.07 210
-744.38 338.66 8
-108.07 445.05 120
742.30 624.62 142
766.47 -945.19 104
752.25 328.65 12
608.94 819.33 38
818.41 453.29 75
394.21 200.17 57
-328.23 505.72 37
411.91 51.30 209
636.59 117.10 35
-670.34 -296.55 78
-685.60 -394.27 58
367.23 777.21 202
-49.96 -187.72 163
548.27 325.60 4
-115.09 478.26 142
-530.75 -510.85 43
749.93 724.97 169
590.20 147.37 172
-250.47 -933.71 207
962.65 -680.29 120
-179.72 114.90 99
814.94 558.70 64
837.15 953.67 41
761.71 532.58 20
657.34 309.37 237
-154.39 673.27 94
-127.78 414.65 99
405.50 -592.03 141
938.29 -955.26 234
143.35 -643.30 73
127.84 -93.23 180
-14.80 -789.48 133
729.79 -406.84 217
647.69 -944.64 232
-614.92 941.22 213
-518.17 -73.89 148
-379.07 111.91 133
420.51 613.64 166
787.59 269.88 179
-48.62 455.79 32
-29.57 652.88 55
-767.94 -733.51 237
277.32 327.19 16
995.54 -45.20 173
454.02 -730.09 109
25.61 996.22 99
-699.03 -137.97 200
-45.56 2.90 139
-899.59 -339.09 163
-802.00 -561.27 168
472.58 -300.39 146
-739.68 294.78 44
3.08 -216.83 103
-364.85 529.71 219
880.73 -430.95 139
-611.74 -463.00 1
894.96 -121.98 239
437.91 -925.35 80
728.08 935.61 73
-157.69 240.09 175
-225.68 -656.00 209
277.44 434.13 122
-9.55 -226.84 64
-385.91 -908.02 159
-231.06 895.02 109
317.00 -491.93 118
782.65 217.08 216
-448.16 -398.30 207
425.52 -559.92 142
-362.83 209.88 177
118.69 -967.65 109
77.12 699.27 171
613.21 125.28 211
-896.91 -384.93 23
755.06 -164.10 138
686.03 -19.14 12
-773.00 971.25 199
610.28 -26.03 9
802.00 -989.44 97
674.12 -714.35 89
880.37 547.17 188
-353.50 774.83 41
-207.07 247.96 64
-479.48 -707.57 212
772.70 116.86 214
108.49 45.56 188
-101.78 -342.81 123
370.40 822.63 179
-79.26 695.49 234
-690.85 -919.31 234
-29.33 378.28 43
-948.00 -461.41 212
940.73 453.17 173
114.29 -217.69 211
-889.40 636.46 198
67.05 -276.22 47
-431.75 904.48 197
144.99 801.14 137
-561.75 175.45 107
-9.61 -168.07 220
104.77 -679.80 114
985.17 -333.84 215
760.49 -992.55 155
-281.78 -505.91 131
-23.53 -200.54 37
-671.01 -909.60 224
819.51 -583.42 45
0.82 669.36 3
-405.26 439.19 45
-991.33 639.27 33
-188.82 -846.06 228
-301.86 628.10 119
704.40 -960.81 77
-162.63 -50.02 181
860.47 761.77 69
-804.19 -545.15 146
-592.21 779.60 10
207.01 689.75 145
-858.82 963.62 85
418.44 -242.04 235
-947.51 308.27 226
-623.16 -561.14 120
-671.99 -941.28 237
-122.04 -726.37 94
-830.68 -323.65 107
391.58 687.98 182
67.84 257.91 108
195.23 52.52 48
-351.24 558.76 90
-435.16 135.17 94
-841.73 897.82 77
531.36 915.22 8
343.67 197.06 189
-532.21 -527.76 66
120.64 -527.88 118
-633.53 865.35 119
-715.63 -496.99 7
-641.53 846.49 25
-145.12 416.43 84
64.30 146.70 195
-304.61 759.27 207
-10.10 184.97 150
64.49 584.52 54
658.93 633.11 203
999.82 -644.46 191
735.04 -428.88 162
137.61 -646.35 215
301.49 236.67 45
-0.09 997.44 122
-34.64 -141.76 137
173.56 296.30 17
-194.62 -975.71 114
-579.27 825.19 232
620.96 -290.69 227
-159.34 -644.70 146
725.82 -271.89 21
4.61 -119.72 178
-90.37 250.16 106
-245.70 -538.68 25
412.21 337.63 215
-656.00 -642.75 147
-927.98 -476.67 120
-938.72 528.24 92
-528.98 -537.71 150
-360.15 77.97 56
151.16 -69.61 17
-80.72 765.68 18
-924.01 150.24 140
-426.44 -373.88 118
-297.22 849.42 20
558.09 245.03 168
563.59 851.99 102
479.60 579.33 197
385.54 -383.53 169
-389.75 657.34 150
751.15 -783.81 40
6.32 276.77 209
366.37 -942.20 182
-600.76 199.13 64
-585.01 -595.14 117
-547.35 -441.15 159
-519.33 759.64 66
871.76 -473.98 82
366.74 615.28 181
-31.83 917.60 181
83.96 264.50 169
-138.34 -290.99 237
563.89 -502.98 224
-196.45 -505.91 47
-468.73 -619.56 173
-625.42 132.85 32
694.08 150.85 22
-200.11 -637.93 121
224.77 -208.59 182
-421.55 -726.86 173
-331.58 396.53 239
-696.71 532.82 190
163.49 -844.78 232
189.25 289.83 26
463.61 -1.25 113
-306.92 -878.66 90
-64.36 -121.92 97
938.23 374.61 228
-251.87 -463.48 106
-289.47 109.90 64
-910.46 -248.33 69
809.32 -210.24 101
732.17 -394.51 103
-223.85 -853.76 91
-179.36 641.90 223
-267.13 -464.16 35
-323.47 -960.94 91
-517.56 815.12 109
912.78 414.84 34
-575.24 -414.17 102
-499.68 -163.06 231
-549.85 -180.58 67
-129.25 289.47 1
-943.54 623.22 17
922.97 -511.76 186
-264.50 509.63 81
181.86 803.09 99
445.72 -778.74 56
579.33 376.38 213
-25.12 -802.36 103
-356.36 577.62 30
453.47 -598.32 226
544.85 953.79 83
-543.44 693.84 68
695.79 -925.84 50
-724.36 509.14 102
708.37 373.27 136
304.61 -496.08 197
693.35 -476.18 173
317.18 339.88 4
430.04 -735.59 32
-36.04 -876.09 28
-941.47 -779.11 62
334.94 -538.07 181
921.93 341.53 237
174.11 -130.28 170
-750.18 -632.25 235
-461.71 -335.86 63
788.81 -468.61 77
618.03 679.62 234
483.69 -342.63 240
334.09 471.36 176
166.66 -691.95 209
434.74 -672.90 202
-851.13 -218.12 229
403.18 663.75 80
-103.79 921.93 152
-217.57 481.00 103
849.06 -945.37 49
797.36 737.78 8
-830.99 -788.93 220
640.13 51.00 10
-988.34 332.44 172
742.42 -754.63 20
84.20 682.36 150
-965.21 -744.19 141
-998.54 -573.17 118
-163.67 950.38 242
552.05 548.75 196
-117.77 851.44 189
-325.54 190.40 80
-670.77 -262.12 153
-16.33 -587.94 222
628.04 956.85 172
-688.47 467.02 179
-826.96 216.22 99
-797.48 -722.77 198
877.44 915.40 194
-131.81 -907.59 7
527.94 946.78 208
-983.15 -413.56 2
200.78 628.53 123
478.13 -866.82 214
413.62 -759.45 11
888.79 959.78 111
-697.87 -200.54 74
148.35 -448.23 230
192.30 459.15 171
139.50 -669.30 184
738.76 524.89 159
583.24 484.18 87
571.58 -243.87 51
-873.17 164.28 69
378.95 -328.29 23
-925.41 319.25 163
814.02 -801.69 207
832.88 -556.87 72
-214.51 476.30 107
396.47 -234.47 71
841.43 202.86 47
298.81 -887.51 103
712.64 -196.02 133
-359.66 -905.82 82
-78.83 228.37 243
346.11 -331.58 47
-96.59 506.52 16
930.11 -254.55 8
622.00 -342.33 146
-980.96 -421.74 165
-624.20 -685.96 229
-47.33 485.27 139
-273.29 -190.95 153
-811.64 221.29 234
384.44 -299.60 70
-756.77 -699.15 96
789.85 14.25 76
-248.08 35.62 218
245.28 157.93 26
161.66 -778.37 77
26.83 700.31 34
871.03 559.98 237
211.46 -679.49 218
497.12 -746.64 24
222.88 412.58 222
678.88 57.59 13
-412.52 371.75 92
-359.54 613.70 78
349.28 -283.06 196
-100.25 -590.56 109
268.78 174.84 73
259.19 -545.09 177
-426.44 -81.51 240
-184.61 -35.49 181
894.89 -435.77 242
414.78 263.95 230
-647.82 -466.48 81
16.88 34.94 217
803.28 233.50 164
-941.83 -876.03 120
292.52 453.78 80
-621.33 -277.50 95
971.62 659.05 113
842.52 -971.74 231
-528.00 738.82 30
693.47 765.56 62
135.41 496.32 73
-811.27 431.44 14
901.79 -24.57 13
404.28 -908.14 105
-730.52 -113.68 11
-456.34 -773.43 170
822.32 140.60 29
-128.45 767.33 145
619.92 -890.38 57
-233.92 -663.62 194
518.48 -94.21 29
-386.46 -974.61 90
474.17 -974.49 185
-420.21 103.85 13
342.02 -679.62 147
956.24 -932.92 207
-142.92 -266.03 146
30.55 -327.62 124
-371.93 811.64 3
531.05 317.18 64
340.56 -102.57 126
883.85 541.00 56
194.13 -562.06 205
58.02 825.68 63
-846.74 160.74 112
902.46 483.08 157
108.01 334.45 19
851.25 -499.37 237
779.41 -894.04 131
939.70 -984.19 202
-586.29 286.29 80
-515.18 861.20 55
-767.69 -820.25 28
786.86 608.20 26
500.84 -630.24 123
56.06 -2.90 12
192.72 -968.93 50
-288.00 814.20 203
806.76 -404.03 214
-515.67 423.02 11
-803.95 -303.63 110
-372.11 519.76 163
537.89 496.99 118
-717.95 514.51 82
-940.12 -929.81 175
825.86 490.52 202
-901.67 590.14 28
236.18 -785.58 94
735.59 98.36 168
-786.13 -592.46 96
912.72 659.11 129
-562.67 695.36 166
773.92 -869.01 33
996.40 -420.88 146
331.28 -211.10 194
93.97 666.98 138
-408.31 -126.38 11
-268.11 -484.48 120
304.36 92.20 93
-430.95 15.53 149
-273.48 -626.76 98
-291.54 -445.11 2
514.27 -935.73 130
77.49 463.00 110
266.70 -523.06 207
572.07 -272.68 68
-348.98 -494.74 229
-519.58 -67.42 37
645.25 201.09 49
-853.51 44.47 196
-479.29 -55.15 158
615.22 309.67 110
-15.59 447.43 242
-617.18 402.63 129
-326.76 -490.04 181
597.95 -715.87 170
-821.65 505.29 116
374.13 286.84 118
236.85 170.26 124
536.06 962.40 53
-98.30 -224.52 145
-624.74 -537.28 211
-352.46 300.27 97
-911.44 936.52 190
-268.59 155.25 224
-236.49 -155.37 85
960.33 496.02 36
311.81 497.85 33
-430.83 520.19 119
878.05 -273.29 77
-570.18 -418.01 112
-773.00 -317.18 149
552.78 741.57 198
-324.26 564.93 36
-951.48 -251.81 116
-450.79 -162.14 102
642.26 676.44 129
-858.39 -502.73 193
728.75 752.62 82
-987.30 -608.20 56
70.04 567.74 9
-610.22 -210.06 194
-182.78 128.21 101
732.41 -477.40 73
-158.18 292.03 133
393.66 396.65 193
-370.89 -669.06 73
37.26 -593.92 228
475.51 -107.33 106
282.75 818.54 236
688.77 767.33 96
-785.39 -265.85 123
-834.35 835.08 82
143.04 452.68 29
365.46 -362.96 227
-398.60 190.40 21
562.30 422.77 116
-740.90 616.44 81
590.69 -468.67 37
-539.05 -430.22 202
-651.11 810.85 76
-265.11 434.61 195
345.38 -278.66 92
-917.66 230.51 186
-189.67 -945.86 171
430.89 777.83 116
603.99 -924.38 48
-459.94 -434.49 131
575.24 -370.83 22
-844.72 -561.02 200
423.02 544.85 10
550.89 181.07 125
-277.63 -135.17 189
-953.25 -264.20 159
-138.16 -850.70 170
-133.40 -530.50 134
437.79 -278.12 58
85.73 -274.09 68
422.59 -591.36 40
-361.37 264.63 21
409.71 356.91 228
-327.68 223.67 81
697.68 -849.79 60
193.40 -734.37 55
-850.09 909.42 209
-791.92 804.62 75
-88.53 -366.31 122
655.08 919.61 129
428.08 -51.36 194
619.37 -14.31 71
-956.05 929.75 143
853.57 -553.27 6
6.56 -981.63 120
-240.88 769.46 162
224.22 490.22 157
-45.01 699.09 181
-136.02 716.85 176
625.72 -262.06 79
80.42 -152.99 65
252.66 538.01 140
-905.45 748.89 114
-664.91 886.04 9
-264.69 -622.36 242
-444.56 -581.10 212
670.22 388.96 2
-215.12 379.50 242
-867.55 74.19 56
611.13 -129.37 12
254.13 791.19 138
-53.19 -572.92 69
383.22 254.31 68
-996.95 556.51 162
252.05 -414.90 181
726.00 -546.92 181
-180.21 150.73 102
-43.86 -394.76 226
-710.44 -806.57 186
323.89 758.23 204
-556.51 317.12 155
-508.84 898.92 221
303.02 -689.44 36
42.94 856.32 69
-545.40 788.26 112
363.99 5.16 157
-569.75 978.58 220
469.65 -325.85 85
552.23 931.09 16
227.15 -558.46 207
890.99 697.87 41
-25.42 -197.67 34
-309.67 925.11 170
452.19 -40.13 75
41.47 11.57 66
465.87 984.37 202
-20.42 809.08 205
-950.80 -463.48 85
-206.15 998.78 226
334.21 -968.93 81
419.78 31.22 201
121.80 758.66 200
585.44 -883.42 82
-472.82 349.22 206
153.17 -558.34 42
-705.86 291.06 20
-914.00 -173.38 159
689.32 269.88 34
923.76 662.77 31
-450.67 -886.29 210
-167.82 444.38 220
-693.72 365.89 19
431.62 776.73 131
914.06 -784.23 51
973.63 -351.30 27
791.13 944.58 62
269.33 -733.45 129
429.36 -566.03 103
320.78 89.08 160
-551.93 -95.86 112
-872.31 -851.13 220
-156.29 123.57 32
880.98 528.00 146
-745.66 140.48 56
958.62 -764.82 198
-533.74 -651.72 81
69.73 955.75 6
-605.46 692.50 127
782.28 -540.33 67
-382.18 277.63 211
-213.78 -884.27 197
487.17 -186.80 124
-173.25 211.40 234
116.73 478.74 241
-461.53 -122.65 178
439.68 -846.06 61
687.00 -393.11 183
-762.02 790.03 169
-192.36 -106.36 192
-129.61 -750.30 218
190.65 -357.16 195
581.84 464.46 43
-162.21 982.12 136
33.78 -507.80 158
658.62 -835.81 62
-709.71 270.12 149
-961.00 665.64 25
-812.49 779.29 174
-752.62 586.90 77
49.17 234.78 30
191.26 -689.50 132
338.42 27.19 160
61.62 311.20 8
311.99 -276.89 174
-363.75 300.45 107
304.42 734.18 119
722.65 -234.96 224
-815.00 532.82 117
645.80 682.61 4
-968.99 781.43 120
82.31 -987.30 166
-590.99 698.29 131
-847.35 723.87 51
-901.30 -339.21 57
768.85 -131.99 49
876.89 -311.32 120
32.75 -184.85 91
359.60 315.47 181
-748.22 448.77 150
-876.83 687.67 178
-874.69 -839.47 20
-360.15 -219.15 176
-885.80 110.08 152
-775.02 643.30 232
-821.04 688.96 172
447.25 -185.46 218
219.64 694.14 48
549.18 -225.75 35
910.95 626.45 34
618.58 -298.32 12
-539.41 -966.19 157
785.39 -778.62 73
-632.62 -834.28 193
847.29 423.81 132
-222.82 648.00 166
701.83 530.63 169
771.66 671.07 94
26.58 377.85 162
-867.79 -434.98 19
61.13 -344.52 96
48.37 -144.38 165
347.39 -165.44 16
131.26 213.72 200
133.46 -832.82 159
211.04 369.43 127
86.40 321.57 194
-25.85 317.12 77
-754.69 -641.35 181
-199.74 -765.80 29
-975.40 120.33 179
-572.92 728.57 158
800.78 -69.19 203
-439.86 -435.65 190
430.89 63.94 160
500.53 -854.06 132
212.81 948.55 39
540.76 -990.30 56
550.16 822.63 138
-477.58 -356.85 170
182.35 753.23 199
813.41 358.87 1
-467.15 -134.25 239
-706.84 954.65 190
762.50 -479.60 1
987.37 -259.74 25
743.64 -713.31 105
-989.75 -548.39 115
-354.47 149.20 196
-285.68 858.03 186
385.30 678.58 209
-350.08 -252.17 217
-890.38 -829.04 16
-631.28 700.98 216
378.22 248.02 67
-507.07 870.72 202
-936.09 -634.57 90
-908.32 -838.80 54
430.16 355.45 220
-516.77 937.01 150
627.92 771.42 177
-614.61 1.19 176
235.15 667.71 242
-894.96 269.88 235
-315.71 -221.29 90
-554.37 -395.37 181
-261.09 -887.94 151
468.37 -105.44 8
841.55 991.03 63
-579.33 951.72 191
408.31 -181.43 56
-712.82 -649.22 114
-756.04 -455.73 65
783.07 -747.00 19
-558.28 237.65 26
441.94 758.90 73
667.65 570.73 38
-998.17 682.00 207
-140.96 621.39 34
809.32 -922.85 228
-662.10 -505.66 47
-296.00 642.14 101
407.27 55.64 64
-949.46 -511.15 43
-91.71 -153.72 232
510.79 -992.92 182
220.80 230.26 26
-955.99 -145.60 50
-964.11 286.78 143
-262.43 770.87 94
172.46 -864.99 66
649.04 -831.35 40
992.92 -477.95 56
145.05 -454.76 176
-146.09 -130.89 93
490.34 -40.99 125
749.87 803.16 10
927.73 343.42 25
122.17 751.09 22
448.71 -437.60 6
970.15 694.14 231
128.88 -915.22 37
150.18 -82.67 37
546.74 218.85 142
350.87 -202.61 78
669.00 -738.52 144
918.82 596.24 34
-83.83 918.82 241
-249.86 123.75 43
174.05 -798.64 152
87.50 245.64 237
