1500 18 300
535.02 942.20 38
-463.67 794.18 83
-206.95 366.62 57
181.98 -258.95 45
-578.42 25.85 99
597.16 761.16 13
190.77 125.22 45
-965.27 -197.73 82
-26.70 -902.16 66
447.43 237.34 44
-95.98 -567.98 65
418.38 845.45 72
137.12 515.55 58
871.09 -481.55 69
248.70 858.21 79
-193.70 -551.19 44
99.83 -255.23 11
536.06 888.42 60
-35.19 -594.90 193
-798.76 -380.96 331
-814.69 -581.47 86
-980.10 293.62 118
-212.13 -458.72 4
-33.23 45.99 239
646.23 -288.37 217
-317.91 474.96 234
132.85 899.53 255
-399.70 -467.21 369
37.63 -30.98 52
-177.77 243.51 19
79.62 71.38 153
-614.37 -210.12 124
-139.26 -473.49 165
-439.44 -410.99 363
846.13 937.31 91
861.20 -220.74 151
162.88 659.05 91
-121.13 -692.56 15
-62.47 968.81 284
42.27 797.60 245
-217.69 -403.30 320
-741.14 835.69 125
-841.12 -58.75 44
-664.78 484.18 287
-74.50 543.50 260
-644.40 980.77 192
678.27 494.19 16
79.99 943.36 240
763.30 638.36 219
-856.07 -768.79 203
328.10 976.87 157
-340.80 -833.31 34
734.37 794.61 376
-25.12 337.99 101
332.74 16.02 119
111.36 944.40 295
-756.77 356.06 43
979.49 -148.11 324
648.79 -755.42 395
185.03 451.16 91
440.66 506.82 8
-741.75 -693.53 350
-893.25 -372.54 267
-227.52 696.95 361
772.45 372.66 58
293.01 732.17 60
-459.58 -177.59 330
659.35 -972.84 347
-13.21 751.34 135
-981.38 -810.05 256
92.32 13.95 232
528.00 862.12 374
285.01 -590.99 325
993.22 -987.00 200
882.56 -342.69 207
153.11 -138.77 37
-695.24 880.98 189
102.33 441.69 307
-771.84 569.87 222
725.39 -298.20 133
-377.24 713.37 109
237.10 340.92 357
-399.09 -191.99 325
-758.29 -342.75 177
464.40 -915.59 36
-618.70 -312.11 166
510.97 -233.74 34
900.02 -835.32 15
308.21 -258.58 249
-452.93 -484.42 320
-496.63 -63.02 363
434.25 -432.36 219
71.87 -808.34 156
995.30 1.62 56
456.22 -232.40 124
-670.46 222.21 243
-431.68 85.67 176
178.38 388.90 220
365.83 -947.33 82
853.21 -845.76 3
918.33 -272.07 104
-155.98 425.70 127
-191.02 -700.80 8
-160.92 -545.64 386
-392.13 -344.65 161
735.89 -986.94 49
267.86 501.63 82
-835.51 -400.68 109
877.93 -781.24 288
-670.46 746.39 67
505.36 764.52 199
-144.87 885.86 259
132.79 -893.86 318
-958.43 39.28 378
-820.61 -789.30 387
756.89 166.30 33
-943.36 -255.23 384
-651.84 -483.20 385
-117.34 -388.10 397
710.99 -928.28 47
123.69 519.64 266
251.75 365.95 132
-204.20 -820.73 6
-828.49 -88.96 394
-809.32 745.96 38
532.82 -669.61 26
141.03 -47.82 115
200.96 -566.39 195
859.31 332.99 240
-775.93 37.39 372
-375.59 -778.62 332
-217.81 642.38 41
294.78 -923.34 150
745.23 -655.75 4
-946.10 425.76 229
-614.80 -154.52 259
189.86 519.03 238
-865.23 391.89 191
320.29 958.19 59
-275.67 -866.63 112
560.41 -689.50 87
-182.10 -947.39 342
-70.71 319.80 226
-355.33 -530.38 51
60.52 15.47 52
345.99 -539.48 289
271.95 -940.61 255
75.17 582.14 137
504.81 294.53 101
546.80 -689.50 238
820.43 -64.79 193
-14.68 842.71 254
-715.02 405.01 279
-477.40 615.41 297
437.60 -263.41 260
283.30 -677.36 191
-631.09 -45.87 367
-67.11 606.74 285
987.00 -795.83 105
593.13 -788.57 385
-431.32 -155.43 114
999.94 468.12 170
-568.90 -515.61 47
848.20 786.00 178
766.11 347.88 248
674.79 587.69 135
605.82 557.12 309
638.60 -881.28 174
782.40 -754.63 242
400.49 18.16 42
-142.49 73.15 84
250.16 711.05 54
-419.72 972.05 376
910.82 830.74 149
-268.17 39.89 152
331.77 239.72 252
-514.51 702.51 264
501.39 -948.55 276
-100.50 -208.84 223
129.86 -394.70 162
114.90 315.35 331
211.10 867.43 277
509.26 681.08 373
-773.61 467.33 212
699.76 174.41 280
-648.67 -211.22 8
152.99 936.58 46
718.13 456.34 51
-509.32 -336.47 143
-180.03 -542.89 167
632.25 109.04 260
775.14 248.57 36
932.37 412.88 270
638.23 -215.92 327
-286.97 -440.23 51
515.49 -307.96 105
294.66 -845.76 7
-852.11 -889.40 112
55.94 419.29 242
-866.15 170.32 174
449.45 142.67 6
305.83 73.03 74
-489.91 -544.36 357
221.84 -607.78 6
478.19 81.76 205
513.90 -136.81 41
957.52 291.48 128
216.59 -204.75 359
799.92 -509.08 17
-578.72 571.40 42
895.75 405.50 205
916.50 749.14 308
505.72 -548.88 9
137.49 298.20 63
946.78 -643.30 161
-999.94 -252.05 186
-411.73 -332.80 373
-707.82 723.62 215
-521.53 669.42 107
487.35 778.31 14
-247.11 783.75 333
-618.88 -179.42 50
-472.52 814.75 318
-921.51 -949.58 149
498.58 893.00 396
833.86 -599.11 244
210.00 -271.52 352
310.89 280.01 36
155.43 -828.85 27
242.23 180.21 231
-191.75 300.94 84
468.18 -291.36 73
567.55 581.47 338
186.32 50.20 247
-279.15 -723.08 292
181.98 -950.32 377
-893.00 580.55 220
-904.60 245.40 248
-536.85 -996.22 242
-337.93 547.90 348
708.24 -232.95 89
581.90 -907.96 187
-93.54 464.34 240
-506.88 339.21 310
-391.71 -591.42 201
684.80 26.34 98
942.93 -967.96 286
-65.10 299.23 152
-516.83 -214.76 6
461.84 -430.40 224
763.30 -612.41 35
664.60 567.49 183
-335.18 286.97 163
365.83 -51.55 212
935.97 -968.38 319
-102.57 -65.16 43
128.21 -797.72 355
-155.98 46.54 311
474.23 833.67 47
823.91 281.78 123
935.79 136.45 204
597.89 -624.07 165
-921.08 53.07 162
301.19 254.68 343
825.62 994.87 125
939.94 755.73 281
745.11 270.91 331
-264.50 368.39 102
632.44 471.85 125
-313.76 385.05 204
-81.76 -331.40 87
-906.55 721.73 146
227.58 -20.42 262
-978.39 997.80 31
-609.67 92.20 81
-19.56 -486.31 1
666.37 -43.31 33
774.47 787.71 55
120.40 339.46 307
721.73 -451.64 69
229.77 492.90 307
-460.55 -210.67 233
168.92 106.48 79
-613.82 915.10 263
48.13 -792.17 119
-913.94 404.83 279
933.23 32.81 237
-311.75 -967.83 319
-5.34 320.84 124
-511.34 -238.50 282
-129.61 281.04 152
-293.74 241.80 215
535.63 -149.75 194
-582.51 589.95 224
-103.06 -910.70 308
355.14 141.94 65
-774.90 878.54 337
-973.02 308.39 152
650.75 -266.03 129
-450.18 845.94 118
-467.70 -178.44 26
-120.40 -997.80 220
-195.23 -660.02 390
998.60 353.37 194
687.55 -360.27 369
-658.31 -14.68 318
-381.76 -23.77 103
-438.52 223.43 380
236.06 926.94 26
-109.71 -369.55 87
914.18 -526.41 360
113.93 735.28 378
-14.31 817.07 179
766.78 157.69 332
-330.36 403.55 374
-149.14 -275.06 357
-962.83 643.60 386
416.43 66.07 146
407.57 653.61 386
970.21 285.38 360
583.73 291.12 256
-849.97 -101.11 228
-424.12 38.97 97
-327.62 -483.08 128
167.27 175.45 84
466.23 26.76 162
-896.60 385.72 290
414.59 -483.57 239
79.99 790.46 148
470.63 139.19 396
-681.88 -474.96 399
-644.95 792.29 129
-402.75 758.23 217
-168.80 -870.24 112
-582.93 634.75 247
-72.36 -708.12 115
-269.75 -678.76 322
-294.35 -936.09 353
673.76 -634.27 202
481.92 -768.61 144
185.95 213.42 364
78.77 -84.38 312
571.83 191.87 245
927.49 912.05 302
-778.86 846.98 207
-52.03 761.96 400
-948.06 418.93 272
319.80 -286.60 266
78.77 -246.25 140
-206.15 121.25 316
-940.43 -707.94 150
324.63 -550.28 64
693.78 217.99 148
-226.97 -875.85 12
580.37 638.23 308
499.19 276.71 141
355.75 -962.65 188
71.63 203.59 273
352.21 480.88 245
326.82 336.71 280
16.75 351.36 15
856.14 991.94 301
440.23 65.46 268
-56.37 -670.03 334
-69.73 -527.45 292
259.38 112.89 271
-137.85 -268.04 226
493.51 -800.96 318
-689.75 660.39 273
-160.50 555.41 126
452.74 72.97 290
49.78 113.44 325
-302.65 -227.33 191
-51.30 -683.52 164
-846.61 -185.83 35
40.74 943.48 282
718.99 -265.42 351
449.81 -997.92 204
-84.87 855.34 149
116.73 409.28 157
-67.84 -239.36 252
-782.10 71.75 271
-597.46 -91.46 111
395.73 93.17 44
-564.50 269.02 179
-135.04 -584.64 92
-313.94 -828.06 24
-974.18 -496.99 103
938.47 423.75 112
-876.09 -50.08 391
109.71 -524.16 180
1.37 373.70 53
-25.61 244.24 170
-668.51 922.67 20
-477.77 339.15 256
-829.52 394.27 101
946.96 218.18 1
444.81 -390.73 131
-940.61 373.46 32
-628.59 -451.16 90
-305.28 355.88 54
-968.14 93.97 222
663.87 472.27 72
635.73 -742.36 18
-736.26 -376.26 378
671.56 -181.19 113
-468.55 -777.34 41
394.70 -493.21 374
-425.76 -305.83 219
-798.64 -409.47 42
-329.39 977.90 30
-372.11 153.78 231
669.12 -51.12 92
-749.44 -268.47 226
762.14 26.03 327
-110.08 -404.03 198
232.46 -325.85 4
-504.44 63.02 347
-492.23 -704.03 373
-845.70 990.36 389
-934.87 384.93 361
-924.25 407.88 123
-345.32 -965.82 39
-589.47 -789.18 269
-795.77 214.82 61
607.23 -700.00 87
-117.77 -107.58 131
-46.85 732.54 96
375.23 -689.20 25
230.81 -410.87 195
-259.25 -136.63 104
-700.74 -372.11 336
-536.91 168.86 376
133.82 626.51 250
828.00 -499.37 99
-327.13 -135.29 383
691.46 -151.83 295
-18.83 -278.97 137
-608.87 862.42 272
992.80 -908.20 345
-805.29 2.72 395
694.51 552.23 129
-457.44 614.19 162
302.04 100.86 351
-326.15 -334.39 386
-983.70 -772.88 109
-723.62 730.03 390
-423.63 -848.87 70
820.43 726.00 286
297.22 -329.81 177
472.76 -771.36 4
-151.04 -654.53 80
-801.63 -966.43 399
-57.77 -968.02 116
-921.63 382.00 102
588.98 244.24 25
-729.61 -928.95 175
956.24 805.29 336
650.44 834.28 286
271.58 -95.07 116
-744.38 -870.97 275
23.16 335.18 311
-549.30 -931.64 387
-922.79 535.45 7
-492.42 923.15 96
-441.08 412.21 72
278.73 657.70 347
-343.24 -52.10 181
-901.06 590.01 300
173.92 -366.07 323
-770.13 740.53 110
900.81 0.76 252
-699.33 999.51 38
983.28 -775.57 41
567.74 154.33 314
650.38 216.71 318
-356.79 320.60 391
202.31 997.44 152
-103.79 668.39 194
286.60 -236.06 323
-752.43 779.35 106
-535.26 152.38 278
820.73 -249.37 316
-863.34 -11.93 383
-886.96 545.21 185
301.00 -410.50 396
-715.32 307.90 186
-366.25 682.36 96
49.29 683.77 282
213.97 -568.04 117
769.77 -163.98 360
-831.78 283.97 60
-58.69 113.68 121
790.09 442.61 231
546.13 417.71 359
-431.87 -817.01 8
-967.22 504.99 278
-716.79 -977.17 178
161.90 5.40 9
145.54 332.80 140
917.60 55.82 386
108.68 480.94 295
357.83 426.86 109
-752.80 348.31 326
-75.29 86.28 325
-315.59 257.18 10
-404.95 551.13 269
246.62 -719.84 60
586.54 -614.19 291
-942.20 -206.03 395
384.62 51.61 37
914.61 252.30 166
-125.03 251.81 352
-244.48 737.66 66
603.87 205.18 229
106.72 -850.15 75
-103.55 -842.59 240
-707.82 159.95 58
-10.10 -837.21 10
704.64 -453.84 43
-270.12 -14.13 228
-221.66 486.31 144
995.61 131.57 186
748.16 -945.31 190
97.63 768.24 193
62.29 819.21 283
196.45 -96.96 238
-302.65 294.72 155
-444.32 -137.00 2
845.39 -657.22 14
-563.83 168.25 132
-240.15 657.64 283
-109.23 514.57 304
-793.08 -502.24 253
897.52 -946.23 389
-776.97 61.74 256
-587.82 -272.44 208
-22.86 -387.25 124
-713.68 -680.53 67
-272.99 882.63 240
-174.54 396.10 334
395.12 680.65 254
-682.67 652.70 54
416.91 -753.53 390
-624.13 623.28 392
-510.73 -33.54 349
-313.03 498.09 184
911.07 -124.61 364
-51.42 -829.46 13
618.46 -864.74 6
-277.20 860.53 31
23.71 -330.79 210
813.65 973.08 70
609.85 586.96 215
-104.28 -482.77 379
178.81 214.70 98
702.81 -341.47 388
-66.87 685.11 236
383.65 -921.38 176
452.56 407.21 183
906.00 -991.45 124
-653.61 -431.26 118
872.55 333.29 116
182.71 -626.94 267
-925.17 297.83 400
-547.59 232.83 173
-216.10 -683.83 172
81.58 880.92 337
420.70 -549.85 383
603.20 566.21 167
115.57 537.28 100
790.40 -572.31 51
-5.65 948.55 191
-411.48 -966.06 218
82.61 -193.03 350
-187.41 -810.48 172
736.08 436.32 169
548.45 -308.15 127
-252.66 -902.46 108
763.91 21.52 57
981.81 947.51 182
544.85 -779.78 216
-175.33 876.95 208
-124.30 -302.59 284
114.47 703.42 344
-768.55 -335.00 260
-149.33 352.09 339
-309.92 574.08 49
47.15 -586.96 58
-941.65 -426.92 64
-97.87 -938.90 195
884.15 -130.41 373
-774.35 -984.68 11
-550.16 -790.03 16
-945.68 249.98 114
159.83 -257.67 83
838.50 -200.29 248
-608.33 546.98 303
764.76 -528.73 188
-861.20 357.83 354
-79.50 -156.59 58
-133.34 -295.21 340
369.37 844.48 249
197.79 131.93 220
-960.02 702.87 368
575.12 542.89 213
881.04 412.46 163
183.20 336.71 368
-746.09 -704.15 109
377.73 -920.65 256
274.70 -965.58 313
-57.77 257.79 90
21.03 913.45 83
-100.92 -568.16 376
449.45 250.65 69
607.78 89.33 242
758.96 -702.51 97
-271.46 964.17 158
-946.84 -442.73 90
574.57 -244.73 34
-266.15 722.71 187
656.24 -671.74 384
358.87 529.77 321
104.77 843.56 156
969.48 19.50 345
-618.21 -911.68 326
377.73 230.38 165
-500.78 -158.97 284
862.67 -523.36 18
133.52 613.45 363
399.95 -661.06 301
-226.91 -142.55 138
-805.72 559.19 152
-365.64 928.59 105
146.95 -556.32 345
-226.97 -976.07 308
221.66 -618.88 359
-145.60 -791.19 344
725.88 929.62 240
672.78 755.91 249
540.39 -130.59 314
-15.47 607.10 249
571.28 -97.99 232
-214.64 66.07 104
-596.36 -443.83 318
71.32 -900.27 110
563.28 -417.22 214
629.57 -884.03 203
185.89 -61.49 123
-250.83 -959.47 284
-491.32 616.93 41
-812.80 193.46 79
678.40 340.86 286
507.49 108.49 53
173.19 -273.78 50
-710.14 -696.95 213
904.35 -780.14 380
930.97 -661.98 191
-948.91 -851.07 229
-928.53 557.48 94
141.15 -152.20 308
-650.75 918.21 217
62.11 301.49 277
-574.57 556.99 34
-162.63 311.81 99
-664.54 -550.28 15
-640.13 100.19 140
402.45 945.19 338
111.06 768.18 125
488.45 -654.16 156
-557.30 -618.64 394
487.84 327.49 272
518.60 -113.13 361
-61.31 65.46 208
-248.27 -144.08 352
695.12 -259.25 203
779.60 -573.96 349
-985.90 -134.07 50
-54.96 -963.07 12
413.25 860.77 208
146.89 872.01 156
503.65 -237.22 136
-964.96 -422.83 87
945.49 -863.89 205
-891.23 -916.56 29
955.38 383.95 133
577.14 454.70 380
-322.79 -965.09 8
109.90 877.68 253
-551.87 -594.16 275
-904.48 442.79 187
809.87 -407.82 96
980.16 -505.42 374
-727.10 259.56 369
-63.69 -696.28 254
-400.80 -553.94 274
-242.65 878.17 337
-38.36 -206.64 79
-267.74 -858.46 171
34.58 -450.67 367
592.58 710.99 218
101.66 -419.66 263
-330.18 -646.84 75
897.46 744.38 204
-575.49 140.84 178
372.48 557.54 62
743.46 -385.48 377
135.90 388.84 187
-888.85 -864.19 298
-757.32 -314.92 204
-814.02 339.15 334
493.51 -780.27 40
705.92 -593.98 45
765.07 312.17 169
-737.36 -952.88 76
329.39 643.42 6
565.60 -171.06 382
905.70 937.25 297
-384.93 81.82 281
567.00 -361.86 316
-21.70 316.57 243
-152.81 51.06 170
344.52 111.36 302
-290.20 -541.55 11
998.17 -938.84 306
700.86 -251.69 27
-979.92 853.02 303
-139.68 -672.96 33
-825.56 -902.46 91
67.11 -203.16 63
800.78 -542.10 365
-319.19 -697.20 51
862.91 -880.67 85
881.16 851.31 227
857.91 -6.99 202
-766.84 -488.14 102
-193.52 486.25 364
980.71 498.89 332
286.11 458.54 268
634.57 -70.28 127
673.45 -639.21 315
-165.32 824.34 21
-309.92 778.01 389
-532.46 -98.54 172
239.36 -88.72 118
868.77 -817.87 359
-365.70 198.10 209
881.41 -412.21 2
-98.24 -481.80 74
-173.31 863.70 90
144.02 -463.12 288
-677.91 524.40 233
214.09 -77.18 312
604.05 -654.53 188
443.95 716.67 294
-170.51 -518.05 22
-873.59 -746.02 319
991.88 807.86 80
-876.52 -980.90 305
-162.88 814.69 40
621.45 872.01 56
-231.48 609.97 393
-85.54 501.94 266
-585.19 -515.67 245
-568.71 -34.58 72
-423.69 410.20 310
-729.97 11.32 31
889.03 -52.16 197
525.38 -159.46 337
-979.31 -382.55 257
932.00 231.24 335
-219.58 -904.72 287
-946.35 838.86 281
430.10 -136.94 19
-326.52 -795.53 119
-5.04 426.80 19
-563.83 -179.17 110
712.70 179.05 378
-594.53 763.91 140
-793.63 -345.68 249
-717.15 -845.33 329
-250.89 -429.00 31
-166.66 -688.41 346
-632.19 917.72 168
834.35 -854.85 226
-242.77 673.39 369
852.47 -616.81 235
289.53 -199.19 313
-391.34 842.22 20
67.42 -826.11 214
869.14 -565.54 235
-779.35 336.16 334
943.54 -834.41 178
745.17 695.24 147
235.02 288.67 203
372.78 185.28 237
119.66 -716.24 281
-500.72 -179.05 154
-18.04 -319.07 291
-678.52 -817.32 242
754.39 183.75 87
-687.61 953.86 372
-954.22 -661.61 45
225.38 -569.87 68
-848.14 370.10 267
-768.30 -306.38 64
165.14 32.32 142
797.97 129.31 150
-702.14 -369.67 207
-242.59 421.43 218
-356.06 -959.04 312
972.05 -659.41 98
186.99 -195.72 98
-733.76 779.35 79
-835.08 -539.90 30
191.93 -145.18 113
168.61 494.86 202
907.96 731.56 305
840.94 -202.00 182
-727.04 -634.21 366
0.89 657.28 250
411.36 895.02 166
-308.02 -706.23 245
-235.69 131.20 44
-701.65 5.40 111
238.62 -172.46 167
736.50 -604.17 263
753.53 309.43 212
62.17 -828.30 113
524.52 960.08 38
881.95 837.52 77
49.78 159.34 36
-20.48 558.34 151
238.01 861.08 367
804.80 748.28 315
-316.26 -708.98 70
-819.70 817.44 379
-995.42 -479.60 290
-993.84 -762.57 242
661.24 155.00 13
-861.57 897.82 367
-974.30 340.50 64
-769.89 -111.73 250
908.20 -43.31 101
-595.45 595.51 63
-466.17 521.47 68
-566.70 -400.86 356
-655.32 184.79 75
859.13 -454.45 232
-780.33 -470.87 84
-507.13 210.61 382
25.48 -59.97 363
-828.18 -406.78 73
-929.93 331.83 41
-160.31 -645.56 119
-716.06 252.17 9
-843.81 480.76 57
-946.84 -905.82 380
205.60 963.56 214
-181.80 -426.92 322
-294.41 -211.16 360
-911.01 16.51 50
670.52 878.84 53
655.32 -366.92 228
-1.01 -930.72 313
-257.61 -995.42 89
198.77 -8.45 51
932.43 -152.50 220
664.05 -893.86 111
-923.58 860.59 307
850.58 358.56 137
431.93 -537.64 207
584.34 243.93 231
-896.79 -320.23 322
856.93 727.10 268
807.37 -374.86 11
-961.36 719.11 230
270.18 -857.48 341
745.41 907.90 372
438.95 569.32 143
-139.68 933.65 20
-581.47 388.16 115
-295.69 -567.06 332
855.16 99.22 248
-697.38 606.68 184
-347.51 157.75 86
372.30 -63.75 314
-341.96 563.71 318
299.84 743.40 326
-444.44 895.26 105
-758.66 694.45 48
-109.41 505.11 319
809.32 -642.69 277
192.36 -508.29 117
860.96 765.43 356
782.10 171.85 282
923.76 884.09 197
-667.10 362.53 9
-970.15 -838.44 76
-189.31 -918.58 350
440.41 224.04 256
-662.71 -456.28 265
-835.57 496.63 253
-980.41 822.38 213
-425.58 -648.30 15
137.73 -504.44 57
-970.46 -458.66 69
-475.51 -718.99 380
504.87 -571.40 368
-244.06 -699.64 10
20.60 128.03 103
-850.09 -517.62 324
439.37 357.65 150
-206.95 -57.34 132
183.81 839.66 183
-867.49 -768.49 270
-113.01 716.61 241
330.00 -641.35 20
-837.70 921.57 389
827.57 743.10 274
824.40 7.78 238
-325.11 942.99 88
255.47 853.69 142
356.91 446.76 17
444.93 161.84 18
-603.56 199.68 9
-221.17 -979.86 225
136.75 155.92 77
-822.99 232.64 242
79.32 -774.65 25
912.96 914.18 334
-779.47 -212.68 390
659.23 -778.62 166
239.91 -288.00 190
226.84 315.35 118
-603.38 818.60 326
360.33 966.92 15
-160.19 156.53 62
66.13 877.44 270
977.17 671.86 319
531.11 39.89 277
834.53 -34.88 299
990.91 -436.20 68
-784.48 -789.30 371
175.88 578.91 213
194.43 139.56 224
-547.78 367.60 39
-709.16 -462.39 373
-269.08 -995.48 90
-163.55 -767.14 141
894.83 -244.91 273
795.77 280.07 303
-862.48 550.77 331
902.95 262.37 96
-528.00 268.84 359
-334.15 -448.23 67
996.89 549.55 325
825.92 -733.21 101
562.55 -271.40 100
488.33 -221.78 342
-505.29 407.57 266
613.94 -803.89 288
-724.85 467.45 258
-873.84 -428.02 266
783.01 -789.06 57
799.31 -180.15 281
-871.15 40.62 58
597.58 -153.11 59
-494.13 897.46 302
-517.69 -656.36 311
96.84 -155.80 14
145.24 357.71 13
-842.10 -68.58 349
911.56 419.48 304
200.60 -918.15 164
435.96 -146.64 388
961.91 -578.84 250
36.10 238.07 176
-156.83 516.40 324
825.62 30.79 100
953.31 614.61 380
-531.79 -608.81 184
-932.68 -555.71 229
-371.38 476.85 170
-40.38 -288.43 83
293.80 -809.26 121
927.61 330.12 116
-671.32 786.61 315
161.90 930.11 71
-832.39 132.18 209
-837.46 538.62 262
-331.77 -955.87 220
925.23 -236.30 227
-868.40 -809.69 310
-643.73 -397.75 63
554.55 855.04 2
-413.37 -631.89 304
593.19 634.51 241
-225.56 -538.87 211
-280.50 115.88 171
-112.40 14.07 230
-99.28 50.75 45
-935.42 113.13 157
-928.77 -288.86 141
-261.57 544.11 335
-44.65 258.71 129
-993.22 111.42 285
674.00 -677.97 126
-998.05 -229.41 77
294.17 809.99 122
-497.42 348.06 215
294.90 536.61 227
985.05 753.29 383
-915.83 -243.02 157
-9.98 558.95 393
-545.34 448.29 61
323.28 -107.76 384
464.28 -621.94 11
471.42 990.11 348
-80.84 -70.04 242
949.28 -224.34 192
-328.78 547.17 325
342.27 660.70 157
-429.30 -228.43 8
829.28 -281.35 166
-610.28 -564.01 323
208.59 661.92 222
-405.01 868.22 327
-842.59 930.66 245
-238.38 -764.58 320
879.88 -71.99 376
-77.73 -353.50 239
694.51 249.86 61
-507.00 583.97 57
724.85 -82.00 147
860.23 917.29 184
938.11 -618.76 21
496.75 -609.61 150
-421.19 -355.82 265
-144.99 -659.23 153
813.35 -423.99 22
-492.78 -260.41 264
389.02 -512.99 343
-680.59 -306.74 396
569.93 689.63 235
-894.22 566.15 243
785.39 -768.61 69
464.71 -878.54 112
-426.31 557.05 136
-406.54 -213.29 238
-235.02 763.97 311
-926.51 -426.80 159
-319.32 -379.01 184
148.66 575.79 346
-322.86 867.73 4
152.20 -409.16 145
880.25 752.31 266
708.06 -526.29 319
696.89 552.05 21
-600.70 -343.97 65
895.44 -801.32 78
-992.68 -985.17 269
-26.09 354.72 130
427.96 272.32 191
-572.13 600.39 268
219.64 561.82 66
645.31 55.21 217
-320.41 973.63 85
734.92 8.94 181
-371.14 34.94 119
898.68 234.41 240
-33.30 -553.76 255
-774.59 -151.46 125
-223.67 223.67 16
273.42 120.40 124
582.20 951.54 180
-235.94 -244.79 264
516.95 366.92 36
-611.56 -843.62 66
912.17 -763.73 170
-631.40 232.83 52
-576.83 691.64 202
282.51 729.30 349
-509.63 -879.94 378
-9.49 -936.89 70
974.49 594.41 310
-444.50 -504.81 256
-568.29 -55.15 256
-936.03 407.21 57
-31.10 156.47 146
-501.75 740.96 174
181.98 75.47 71
-487.11 -464.77 164
-404.52 -322.73 352
-602.16 -782.65 312
521.23 -360.82 130
-98.06 -876.28 138
-396.53 915.59 111
206.52 -116.31 86
759.33 -309.85 189
419.42 55.51 88
-992.43 725.03 396
760.67 -1.31 216
-940.55 987.61 293
-619.62 662.04 137
765.13 771.48 28
739.25 997.62 63
-171.12 574.51 54
-63.88 -656.00 61
864.01 20.23 231
546.80 -408.67 327
-887.02 -655.08 36
-321.70 508.96 123
-742.48 -319.86 56
-689.44 526.29 23
931.09 787.04 109
825.56 761.83 36
-914.43 -707.88 130
-822.08 441.15 139
-509.14 88.90 349
-321.15 -711.72 313
-382.92 -350.20 213
-897.52 -740.59 209
-780.33 -204.14 369
-965.15 -634.51 159
-646.41 -760.25 1
305.64 554.61 370
-450.79 -794.31 17
242.96 940.61 369
730.09 -111.12 330
601.25 -675.16 258
391.89 -310.40 72
594.71 -788.14 373
851.13 305.76 46
-228.13 616.32 235
-754.02 -873.65 86
732.90 -847.41 356
-300.39 -795.28 163
-817.50 -569.32 247
-132.42 -362.16 88
-232.70 912.66 179
255.71 699.39 68
-179.54 -643.97 332
-554.37 -187.84 358
785.45 37.26 55
-36.71 -347.76 142
-51.73 357.59 348
219.34 -397.32 93
444.99 -560.78 264
-18.34 -329.69 326
557.79 -834.16 380
473.68 -909.12 79
-664.36 -937.01 84
-340.01 -568.35 14
-188.02 700.80 308
851.99 -700.74 312
798.70 177.28 278
671.93 31.95 360
663.44 -32.62 184
921.75 242.90 387
890.01 233.99 135
247.29 -962.22 10
834.89 862.54 326
-67.66 406.90 109
-823.73 -768.55 134
-59.79 -65.10 275
-648.37 -671.07 177
701.71 836.73 328
-950.13 -481.00 52
-631.64 657.89 349
811.82 -705.86 252
568.83 29.82 18
-748.83 -19.87 66
-636.34 -109.84 228
-417.89 832.82 234
350.93 815.18 199
-714.77 532.15 126
-30.37 820.25 165
-892.70 988.28 260
-758.72 -591.54 341
420.64 -120.03 27
-275.37 -957.03 91
520.55 692.43 108
586.72 -168.74 319
957.82 461.47 400
-332.56 292.70 102
-258.64 220.68 209
480.57 -119.97 388
-545.82 -479.17 67
502.98 695.97 45
-749.93 619.31 275
110.75 -165.81 97
594.47 249.55 358
365.64 -768.91 231
-274.70 -456.89 137
-201.94 89.63 340
-607.90 -69.80 257
-381.88 -917.36 165
-268.04 940.79 288
-335.73 905.33 99
411.05 -977.48 146
122.53 -422.41 34
648.06 -974.97 342
865.84 451.16 317
-306.07 127.96 98
-578.36 -609.06 93
-983.40 -33.54 183
332.38 343.73 335
85.42 770.44 297
-731.80 709.10 118
-488.27 -254.07 216
945.86 858.21 91
-363.20 931.33 229
939.02 -963.44 359
704.52 -393.84 289
98.91 -997.19 20
-219.03 -723.99 69
771.72 335.92 326
817.87 -462.57 399
569.87 -354.90 317
963.87 -991.03 332
361.98 186.32 281
-343.06 -763.48 330
651.05 875.67 50
420.39 -704.64 68
858.03 649.89 233
-97.08 975.59 19
-530.87 -202.12 375
-217.20 -813.53 127
-209.33 -468.18 170
-42.76 -181.55 290
434.00 -68.82 96
-791.56 -13.09 101
-124.42 -276.89 58
-475.26 -377.12 366
754.14 414.90 353
-285.74 -999.76 11
226.11 -687.37 360
121.74 264.38 206
-44.16 200.11 231
406.17 591.48 304
-586.72 156.22 183
-301.80 520.86 287
-656.00 -581.90 215
290.26 -497.18 269
811.82 -409.96 372
-439.68 55.15 229
-658.13 -889.10 119
-646.29 361.74 45
-332.38 976.74 116
781.24 931.82 23
646.72 -486.07 250
602.59 317.06 74
326.52 -229.83 162
287.76 107.52 341
139.74 75.72 399
-255.90 742.12 73
-940.12 787.84 344
-189.49 -668.87 125
-512.07 -595.87 316
201.33 941.28 24
926.15 -622.49 252
-115.57 -108.74 334
-626.27 326.03 326
146.64 -201.70 295
103.67 166.30 253
87.86 649.65 28
-708.18 246.74 325
-756.77 303.57 4
135.84 78.52 397
-292.58 796.32 260
-150.24 -0.95 263
-219.82 897.15 363
-478.50 -688.59 34
15.84 -234.41 369
-490.28 -632.98 354
-109.78 566.70 173
-907.53 954.95 312
351.24 -250.28 368
709.71 473.56 335
-463.30 -363.99 190
612.54 943.30 234
-816.28 -752.98 240
-699.64 -781.55 35
957.76 -817.19 21
-963.26 -973.02 129
358.93 -916.56 269
236.61 -44.65 143
254.74 -977.23 31
-130.71 450.97 316
-296.49 -656.24 94
-540.45 -406.41 267
-186.80 -802.12 388
55.15 -972.53 145
182.96 650.93 349
908.81 313.94 351
242.84 905.51 110
-154.64 -708.67 371
796.01 229.83 278
599.60 -915.04 2
-475.45 -193.15 102
72.24 424.42 245
-603.81 194.56 243
705.07 -832.21 390
52.77 -348.19 1
272.13 -362.77 269
626.27 495.28 311
-420.88 -203.71 276
-741.45 -842.40 395
93.17 -304.91 301
-847.22 -37.08 312
658.93 -779.11 69
503.40 78.89 50
-573.84 276.10 94
-609.91 -111.12 34
182.90 -696.95 225
-70.71 -593.49 132
-304.67 -150.98 127
-100.86 -422.22 313
663.69 848.14 235
-46.30 -366.86 141
-253.46 -241.86 93
-350.14 309.92 382
51.42 -136.33 333
-903.50 22.43 187
771.05 -798.09 195
334.70 -848.51 326
-473.13 -68.51 144
826.47 819.70 147
-298.32 795.10 292
-79.99 -949.58 262
-139.56 880.25 15
-885.62 -658.38 362
-480.70 -601.31 54
-376.81 654.04 354
-724.91 946.17 253
-618.46 -117.71 124
-93.23 -91.46 178
-496.51 287.58 311
750.97 609.73 52
529.53 372.78 352
688.28 687.06 138
853.33 -469.89 343
-291.54 -704.03 368
739.56 -267.19 175
-508.96 328.10 74
577.68 825.68 5
8.58 -875.30 300
729.54 851.01 225
67.42 440.84 274
-250.22 566.76 273
-794.31 900.02 139
-845.15 -868.89 378
714.71 140.35 275
-470.20 88.41 134
993.53 524.52 249
-158.24 -456.89 84
-770.44 933.65 217
634.21 9.86 97
-221.66 -972.11 132
-460.31 114.66 382
-163.79 -313.21 184
-456.53 361.06 307
-679.98 395.73 261
-118.69 802.12 197
523.36 362.22 346
-364.06 -67.96 362
375.90 386.21 276
236.79 -322.06 146
229.71 212.62 72
434.37 -717.40 28
-713.68 523.61 283
-850.22 -628.22 52
314.86 -880.31 359
-846.55 849.42 277
440.05 454.15 201
-956.54 -297.22 398
-248.15 -235.08 101
-263.95 588.12 242
554.19 852.96 107
-116.55 -558.46 114
480.64 -680.65 100
-435.35 588.79 286
-290.20 69.49 38
484.91 -862.54 399
359.11 341.35 54
-963.81 -899.41 13
-921.75 698.66 184
-848.08 -49.04 105
149.08 -432.23 170
188.27 -594.96 262
275.98 -735.28 352
337.14 426.56 135
-24.93 288.25 375
-437.67 -26.40 261
286.48 -792.96 172
-993.41 144.69 322
-306.80 988.28 151
-505.48 -651.66 306
885.80 352.82 66
-598.80 190.71 364
607.65 -50.51 86
-982.24 183.02 363
509.20 -933.29 336
-121.25 -623.16 270
972.47 494.67 75
566.39 -118.99 264
-502.43 263.16 280
526.17 156.35 294
715.93 564.56 198
-332.44 269.45 352
659.11 -530.50 326
-771.54 -834.10 272
-174.96 -685.66 267
-189.98 -255.04 327
85.73 127.54 229
882.56 335.18 372
-172.22 417.22 111
-325.42 330.48 235
160.74 321.09 338
-557.36 -500.60 368
810.30 762.02 352
916.38 -921.14 126
-304.97 116.12 95
-514.21 454.15 6
-593.19 233.74 314
-314.80 262.67 325
-869.69 -297.59 43
983.83 -611.56 40
200.35 -737.30 375
71.44 -214.64 194
-254.31 -476.79 175
-30.00 -365.22 50
-30.30 -168.49 150
665.52 253.88 14
805.66 580.49 12
788.20 -327.37 104
-777.03 625.78 304
417.71 148.05 362
-412.40 103.55 100
610.83 323.34 289
453.11 17.55 311
987.00 -474.53 264
225.20 768.91 103
-85.60 74.50 339
-446.64 -432.11 289
-235.21 -301.07 372
305.58 657.77 191
-400.68 469.95 241
-168.86 -263.41 52
762.69 -675.71 72
-841.67 139.50 142
441.88 504.32 322
-943.72 486.62 34
-449.51 335.55 128
773.43 868.71 295
-434.61 -41.35 338
982.54 469.95 375
-567.06 165.20 186
-715.20 -917.42 234
-380.90 614.98 318
-221.41 -516.10 161
-948.18 -312.17 306
-40.93 387.19 244
-649.16 -712.82 155
807.67 -116.37 15
601.61 -677.11 92
-375.59 218.54 375
-737.72 -393.72 184
191.08 -360.45 141
845.76 735.95 163
-520.74 -831.97 310
-966.67 496.32 245
595.75 726.92 143
121.49 574.45 224
216.83 -641.90 148
403.73 279.95 243
-319.32 -465.56 77
-479.84 -323.22 302
403.97 -944.03 253
199.32 349.77 61
642.20 980.77 238
-569.14 191.08 381
51.12 -286.17 261
-809.93 -655.87 6
-706.90 -975.77 264
-364.91 41.66 181
311.26 621.51 208
-532.09 -236.12 52
-884.27 -743.77 23
139.13 -819.27 253
-754.63 -639.27 274
31.16 -31.77 285
724.42 262.67 29
933.23 -936.89 123
591.85 -753.11 57
-735.95 -512.80 241
-824.40 -556.81 121
-137.36 -219.76 398
-523.18 -52.71 24
-2.04 587.51 167
-436.38 -25.06 218
801.08 292.58 25
4.06 462.14 133
-157.99 30.30 75
338.60 608.14 54
-689.14 197.12 34
660.94 656.54 37
471.36 -42.33 312
784.72 981.26 55
-19.99 467.02 300
478.19 530.87 358
558.95 -154.64 337
96.35 143.22 294
622.12 -397.87 337
-118.50 -583.30 126
40.44 459.82 230
488.88 970.27 362
