500 10 200
-871.94 -612.05 68
-616.14 -176.24 64
-783.62 -918.64 58
296.61 941.53 14
-763.91 -753.35 15
795.28 473.56 22
-680.17 -134.25 15
-323.77 -597.64 27
-379.01 -425.70 41
-492.72 -931.15 15
630.42 -171.91 127
229.29 203.96 95
-494.00 344.83 142
-129.80 -816.64 199
-457.99 -62.17 222
405.62 909.48 64
395.98 -609.73 190
-387.19 -729.91 229
646.17 -850.22 249
929.87 649.22 232
929.75 594.04 77
-919.25 697.68 200
555.04 -314.68 134
-170.08 783.20 98
345.74 243.57 61
-84.32 -538.25 222
806.33 -933.16 229
251.93 -791.38 222
748.34 982.12 103
113.86 760.25 3
537.95 844.54 184
496.32 -0.64 70
-637.62 -206.09 143
-599.29 618.70 231
619.68 951.23 5
715.51 -935.30 155
963.87 -536.18 52
-140.23 -245.28 123
-70.96 -375.71 187
-292.03 -484.48 246
-326.82 -54.54 160
-247.60 -132.48 114
-540.39 -168.74 232
248.76 -575.43 173
300.21 -921.75 193
-533.07 -459.09 224
948.85 136.39 85
391.40 -330.67 253
426.50 -911.01 78
-465.87 -52.71 117
-287.58 946.78 216
-819.21 543.63 246
-585.74 316.02 216
-353.62 -460.07 133
373.88 74.62 212
213.60 827.08 206
-472.15 594.04 51
618.46 -79.32 41
-824.40 553.27 203
-516.59 -1.50 139
-643.36 -264.02 63
226.78 71.02 34
-440.05 644.89 37
949.22 -718.13 220
725.76 -449.14 76
866.08 -865.47 1
706.72 976.87 90
263.34 211.10 61
-717.34 833.19 70
-41.29 936.83 80
-284.22 744.68 180
97.69 402.51 147
-52.46 -236.73 40
-943.85 431.44 150
-878.66 -81.15 32
-495.41 -778.50 17
-586.54 -844.66 57
569.63 -740.53 67
426.19 -607.10 36
750.66 -968.50 181
885.74 990.11 141
65.83 609.85 128
-658.01 10.59 64
60.58 711.91 230
-753.47 -329.51 128
-931.58 567.00 236
-574.33 409.41 76
-291.18 -866.33 219
-166.66 437.67 249
299.54 135.78 31
-203.83 617.97 98
-103.73 -720.57 58
-982.85 384.08 130
300.45 -871.52 145
-378.09 -655.26 57
-150.55 694.81 181
-229.59 502.18 196
-630.79 103.31 183
-935.18 -103.92 185
580.37 960.26 58
409.10 205.91 9
-248.39 -459.40 23
-630.97 659.96 121
743.34 -130.53 11
-300.45 761.65 219
23.71 445.60 61
-218.79 -905.76 91
27.50 -997.56 75
515.24 -932.43 84
603.50 -436.63 133
-8.88 -843.87 77
-478.07 380.29 136
-768.00 218.05 240
328.47 -604.11 21
-221.29 -889.65 30
-509.51 889.95 180
-950.87 289.83 247
-962.22 206.03 175
555.77 -345.93 216
-5.10 165.62 237
423.81 -210.24 196
95.31 198.40 181
489.79 -704.46 172
802.55 615.41 15
805.72 -800.90 101
-208.53 -937.07 205
-102.76 924.19 36
17.00 -721.43 206
861.14 -946.47 107
-437.91 -930.72 213
594.10 509.26 182
-130.89 204.20 200
-628.28 -4.55 225
-39.28 899.78 181
-109.71 -134.19 78
-894.77 -964.96 3
-3.02 -763.18 220
322.43 407.64 9
917.17 423.44 166
410.75 487.53 166
87.50 869.32 168
-943.72 -510.85 186
-26.70 -62.65 250
306.31 412.40 172
736.50 459.88 227
505.17 -743.89 149
578.54 -922.42 30
-45.56 -874.08 151
257.24 -631.28 220
-692.13 696.83 113
921.75 -164.40 252
313.52 -302.29 91
273.29 -772.21 222
204.44 -987.67 250
390.61 683.40 170
76.63 -117.22 133
610.28 16.63 200
218.79 817.32 188
-128.27 425.58 7
-165.93 -613.64 176
175.21 173.25 193
-841.00 389.63 29
-493.33 -320.84 85
894.89 -852.47 177
11.99 178.08 106
-629.26 160.19 140
593.55 -79.74 77
206.52 330.48 53
-279.76 47.82 12
682.30 -372.42 181
-680.35 -965.21 127
-189.98 -290.51 236
-575.43 177.16 236
-521.47 -114.11 36
-985.35 -689.81 120
267.31 -862.85 19
482.59 -34.88 54
-158.48 -46.24 70
610.22 806.45 236
498.83 -219.09 234
-881.83 -335.43 5
-305.40 91.53 85
-6.20 43.18 241
-531.24 817.32 93
168.49 -107.88 158
-111.85 293.98 226
-54.41 941.04 229
155.67 -729.36 5
-868.40 234.60 82
-835.99 -853.14 77
-656.30 -46.05 154
-754.45 683.65 100
-297.71 -608.02 30
936.89 -766.47 141
-672.35 331.03 114
985.11 -692.56 196
983.70 292.21 183
828.79 280.43 185
-894.83 -556.02 236
632.50 -500.78 224
-437.85 616.08 60
895.75 228.06 106
-908.20 119.24 179
-56.31 -986.45 205
633.53 170.38 217
-517.20 -584.70 13
69.98 -89.02 234
131.14 -123.63 84
-633.72 -454.27 6
645.68 64.49 52
54.84 -746.70 186
732.54 -471.85 126
692.13 -502.73 248
76.39 254.98 53
-445.23 428.75 52
-172.58 -75.66 90
708.61 -514.82 52
-529.83 572.07 238
913.88 290.63 168
39.16 -719.60 23
-117.04 813.47 66
271.22 619.56 213
424.12 676.87 187
-241.19 148.35 14
-755.30 803.16 40
734.98 -416.91 207
894.47 -547.35 209
30.00 513.47 101
-246.99 -561.08 134
-755.49 31.46 212
-635.79 120.03 200
531.17 -402.33 31
28.23 925.29 251
-182.16 -855.95 142
-350.81 930.23 70
-907.59 -942.50 29
633.72 -409.47 17
744.50 551.44 239
406.29 -561.63 176
186.19 -735.71 228
96.10 576.34 11
288.25 976.50 161
406.17 -562.67 243
826.90 -646.60 246
851.68 749.02 174
394.21 864.44 165
-300.21 206.70 130
-681.33 731.25 231
305.09 272.19 29
336.77 -812.13 129
367.29 -983.15 115
-710.99 726.07 76
-810.05 276.10 212
-753.23 -384.26 181
-463.85 824.15 107
443.59 71.08 197
417.22 -937.62 87
-544.79 232.70 105
356.79 94.45 72
482.28 907.65 55
598.99 281.90 67
-409.83 -3.27 105
-377.85 694.08 105
-387.07 994.32 176
-563.83 -478.01 174
-633.96 123.14 246
-280.25 783.56 137
99.58 811.52 155
-843.01 742.06 166
-998.72 -419.17 130
-396.89 653.74 170
283.67 -752.37 181
-806.94 993.84 70
-797.78 890.44 210
470.26 440.05 20
-484.24 555.16 133
281.78 864.74 148
651.36 -590.44 239
836.60 -346.17 164
-565.72 262.92 4
-817.93 -919.19 28
936.64 295.27 27
690.12 -533.07 23
29.88 734.00 115
190.83 708.06 70
-140.05 328.29 59
-584.22 -311.69 75
-67.84 54.90 10
647.02 -611.99 1
-938.11 789.24 175
-822.81 -630.91 172
-643.06 944.64 172
612.72 -952.88 93
900.39 572.31 74
442.92 974.18 46
-849.18 -629.69 15
-83.47 -484.97 206
520.43 -274.64 201
-656.00 -942.26 122
370.83 -441.82 123
748.04 -508.59 233
53.62 602.83 60
-447.43 -619.43 50
-162.88 -914.24 19
990.66 -702.26 66
883.36 819.45 234
365.76 -594.59 71
95.68 744.13 215
480.09 851.68 197
913.82 -807.31 219
-314.62 109.47 18
-771.66 856.75 200
-623.65 -698.90 91
781.00 860.53 83
-420.88 50.51 41
948.67 743.28 181
836.18 -242.84 107
-57.83 762.57 2
-888.79 -375.53 224
419.48 -984.74 61
-826.23 -439.19 51
581.96 -327.86 211
130.65 451.89 146
231.79 -608.57 1
-301.92 -476.79 158
272.19 -33.36 253
702.93 -169.16 91
-19.75 -280.62 207
-588.00 575.79 228
-676.75 -676.69 77
-124.97 -806.33 123
-125.52 892.88 136
763.54 -732.05 13
-235.76 -471.11 132
459.27 505.36 256
-177.34 -649.53 197
-365.22 550.22 176
-110.32 589.34 243
-476.18 -459.94 202
425.46 -156.29 46
-243.39 -720.39 11
-690.05 -671.50 179
-721.12 -24.45 30
-682.36 162.57 150
736.93 885.80 21
443.59 662.47 141
43.55 -760.31 169
-705.13 505.29 184
-110.81 634.02 222
-612.54 736.44 201
-16.57 49.96 78
-337.20 -819.70 238
-950.07 -75.96 41
104.71 113.50 36
-695.67 580.68 82
-753.17 -672.29 121
571.46 -938.78 146
865.47 200.78 57
-408.80 -802.67 153
499.19 347.64 177
-322.00 938.17 136
879.70 -897.95 27
-21.64 694.88 12
-858.70 723.26 146
-627.00 -936.70 193
58.38 83.16 62
840.33 -23.41 101
778.80 -74.07 33
-915.95 375.59 1
-158.24 838.19 128
688.22 113.07 16
926.45 89.75 153
-766.05 281.04 47
30.85 744.32 234
962.34 716.42 1
-118.69 -857.17 86
925.47 349.96 124
-439.37 292.40 154
405.26 -430.71 120
880.61 84.08 234
925.66 111.42 30
152.44 -119.72 211
-294.29 -555.16 162
981.99 90.49 103
-859.92 -616.63 162
781.98 157.57 210
98.36 -944.33 11
-895.26 145.54 96
761.59 574.76 180
-97.75 -891.84 130
609.18 69.25 240
668.08 873.78 169
282.51 -601.49 241
-642.93 59.18 231
-367.96 -872.92 199
-735.47 -730.52 169
-441.57 -568.35 33
923.89 -197.73 205
-474.78 805.72 160
806.57 9.00 137
-890.62 961.00 6
-577.20 -983.34 11
-85.06 455.85 220
582.57 30.55 43
847.22 -449.32 227
-670.28 179.78 255
393.35 858.88 85
661.12 72.54 176
-584.03 771.29 121
830.99 -845.88 159
298.50 -363.69 29
80.29 -144.02 20
333.66 524.95 35
256.08 -363.08 164
263.83 -648.49 190
-740.71 598.80 128
121.56 -592.88 110
828.18 661.31 16
-775.02 -760.25 11
-929.38 -450.48 148
609.73 539.84 180
667.29 334.82 254
-429.12 504.62 196
9.80 228.80 77
605.76 -684.26 220
-14.50 4.67 130
126.50 118.87 1
-100.01 -935.61 254
-885.80 489.85 192
411.05 35.37 76
-343.85 -933.71 134
-430.40 108.98 238
-705.62 -944.21 86
378.34 -611.99 96
572.74 -37.51 38
940.18 526.96 256
-656.24 345.87 134
-477.34 187.23 156
-457.75 -7.72 18
961.24 538.99 182
-504.81 -210.18 39
15.66 -536.06 23
670.03 100.50 52
-169.04 510.12 124
-686.09 -227.52 29
-220.07 -738.15 40
-43.79 375.10 110
939.63 870.78 145
484.05 26.09 52
-479.90 -705.80 10
709.28 558.15 127
972.23 -443.28 250
-730.22 995.12 101
507.68 -660.76 105
602.71 -375.96 105
-390.12 656.61 98
-159.28 611.32 21
-942.56 -438.95 158
64.85 -638.97 18
-734.18 953.18 117
647.33 -83.10 223
632.68 -55.94 142
687.67 -105.38 23
294.05 47.52 249
-965.09 -27.80 228
-483.50 -972.05 103
-657.28 89.63 113
108.19 752.37 197
283.91 -513.60 178
987.98 -868.65 234
691.76 768.55 87
-351.73 -557.91 87
262.18 -391.77 202
-61.49 250.71 152
-220.92 -315.96 146
-367.84 -952.15 52
-120.40 -685.54 35
868.10 -177.16 26
-606.37 182.96 107
30.24 384.50 11
529.77 -166.48 173
-802.91 538.19 41
-111.55 498.70 5
-800.47 496.81 182
708.06 -458.48 99
833.12 -607.59 29
143.65 -389.32 200
116.25 -286.90 82
992.74 -231.06 203
-72.18 163.49 181
-637.44 607.10 75
142.92 93.42 133
-422.96 954.59 52
-236.06 502.43 33
386.88 -510.54 113
-231.67 959.04 249
-460.43 -415.45 42
707.94 -175.39 234
218.60 356.18 59
757.99 192.54 164
40.01 -645.37 174
166.60 -810.60 87
437.06 901.97 106
-848.51 994.26 61
628.65 991.76 44
485.82 -644.34 211
-802.55 -828.49 146
-454.08 783.26 23
856.44 173.92 136
-272.99 200.29 99
