1500 18 400
-473.01 626.45 88
-828.61 286.29 83
397.99 -244.06 49
-217.38 164.46 53
949.77 -628.65 8
570.30 -637.56 68
651.17 -345.13 60
-103.37 522.39 24
-974.43 -518.91 8
772.45 217.14 94
-257.73 -363.32 96
690.42 -839.90 46
-702.14 578.48 28
-63.51 545.58 23
-995.73 88.41 56
-409.77 383.40 61
46.97 -971.56 98
56.00 803.64 21
-602.28 -657.34 435
439.01 889.34 260
607.35 -263.28 414
646.72 896.11 347
-795.46 -654.59 165
5.52 -12.24 319
860.65 420.76 318
687.86 103.31 499
867.06 -110.20 46
-408.49 530.20 226
-908.32 791.38 469
754.51 433.21 234
658.38 354.66 20
174.29 -767.88 21
395.73 81.64 452
279.27 587.08 396
-127.29 883.72 78
521.65 78.71 161
823.30 -638.54 293
-120.03 726.00 236
-777.40 -56.18 210
716.67 -501.21 90
-548.39 74.01 113
-308.33 -774.90 109
-869.32 199.93 463
531.11 996.83 44
-431.20 -767.27 323
-360.33 -395.37 293
-396.71 -356.30 70
-917.17 -71.14 393
-841.00 716.61 337
591.66 822.93 384
373.88 -86.46 457
-783.14 110.87 337
-124.36 -900.94 202
326.15 -878.78 186
-996.64 743.46 351
-954.28 946.23 40
690.85 -548.51 81
-744.93 606.86 88
-374.80 478.68 313
88.17 760.37 40
-592.46 -444.93 327
-162.45 760.86 12
21.88 -405.32 273
442.79 -969.66 343
223.18 -38.54 308
622.49 60.52 322
-278.36 -841.73 90
433.88 -804.13 67
530.75 338.18 16
857.72 -97.99 306
801.87 -833.37 499
-831.66 740.35 456
-853.76 -463.36 399
603.14 10.65 496
87.13 703.91 348
-560.53 228.19 297
-850.40 -179.30 274
285.13 -471.66 6
429.06 850.64 77
-583.97 -12.12 294
-474.59 692.31 91
630.05 962.83 12
-243.87 285.32 189
554.43 125.95 218
793.08 752.49 128
913.51 -811.09 425
-419.84 514.63 250
170.51 561.08 28
811.88 -964.60 111
464.64 687.43 44
-352.64 670.09 341
109.35 764.82 91
-50.02 252.30 81
-639.27 -790.40 21
421.61 808.34 409
-50.08 -102.57 337
-196.20 -617.48 385
-748.59 -944.27 362
86.89 -346.60 87
182.96 -974.73 292
655.57 50.87 171
248.94 153.66 256
-242.53 -282.57 206
-201.88 107.76 220
-142.80 126.50 181
822.57 125.95 231
-418.38 -262.12 345
-280.31 -558.40 131
326.94 982.54 317
634.14 -467.09 449
-571.58 -631.34 428
526.78 249.37 207
-653.07 -146.46 187
-747.31 -521.23 322
843.01 62.90 86
-103.43 100.07 457
849.36 -272.44 104
685.72 -231.42 4
-40.13 -915.83 498
207.50 -150.55 170
-622.36 211.10 243
663.62 803.58 212
60.03 584.64 277
-259.68 -212.81 131
911.98 -195.65 19
616.44 -597.83 121
-539.54 686.45 312
-85.85 -321.33 151
744.50 -975.89 341
-721.18 -265.60 415
-576.95 505.42 183
-5.04 388.59 288
-406.23 811.70 464
-138.10 -443.28 407
-229.47 52.77 1
-285.13 -225.50 402
144.38 -336.83 123
-271.52 935.79 41
897.15 953.79 373
-761.53 537.10 43
-800.16 -79.20 183
510.30 -352.76 51
-139.32 920.22 85
914.61 714.84 368
-363.32 660.88 33
-396.28 438.64 53
-754.81 -86.09 417
250.59 511.22 135
-653.31 -382.37 160
982.12 342.08 196
479.84 940.00 194
546.86 140.96 191
-645.62 -420.51 470
261.70 -773.74 43
302.10 -594.59 44
629.26 383.77 399
298.75 -304.91 315
-40.38 -226.42 3
54.05 -17.55 293
116.06 531.79 378
-535.26 -872.07 372
-119.91 70.59 294
497.24 912.96 68
-341.59 -579.88 30
-446.09 -504.99 255
567.13 999.33 179
-165.20 691.58 413
590.01 226.36 466
-619.62 -470.81 394
761.77 -382.67 443
-371.38 -934.14 397
-574.94 726.86 15
-320.05 400.68 456
799.92 712.64 268
297.59 -710.32 173
-358.50 -301.92 190
220.44 -862.85 345
889.65 -277.26 393
886.23 -431.75 262
186.25 -850.15 356
-600.15 578.60 486
204.44 -796.14 69
789.97 632.25 136
-858.88 -922.30 257
520.98 -695.79 98
-268.96 39.09 46
125.03 -621.94 183
-13.64 423.08 125
-71.75 -29.02 499
807.92 -428.63 192
430.34 -487.72 58
899.11 926.94 212
-803.58 -501.88 176
292.89 -149.14 62
388.96 -862.79 211
524.46 -433.33 484
556.99 -462.02 290
297.77 182.10 127
256.45 215.49 470
657.34 261.70 17
-249.67 669.24 361
-574.14 -839.66 365
-316.02 -148.90 425
-728.93 535.94 325
-508.59 749.81 145
-548.27 382.85 191
623.46 324.50 11
332.01 -174.23 419
-263.77 867.92 40
379.44 -976.07 248
1.74 -181.55 13
-164.04 -880.92 481
-63.88 -671.56 85
-182.78 -539.05 95
-147.37 773.80 278
505.60 614.31 373
-531.36 -888.61 130
-393.60 -862.06 104
-407.21 -189.31 206
584.83 -913.75 400
-569.20 -759.21 487
-358.87 855.65 311
129.92 154.39 41
-831.17 -353.13 27
-15.96 -498.64 155
-182.41 674.43 464
490.34 502.06 392
-493.45 -412.46 441
436.45 940.12 367
49.41 -381.69 335
653.98 -731.50 91
713.25 991.27 261
251.75 -409.28 200
-713.31 367.17 450
-716.67 148.84 81
-669.24 -198.28 39
170.87 -141.76 37
-523.00 -875.79 208
35.00 -65.89 117
-826.90 36.84 285
-365.15 -999.02 37
-595.26 -152.26 235
-859.86 519.46 338
894.59 834.53 428
-304.79 -851.80 118
347.27 -967.28 5
-57.16 39.89 237
-282.27 -982.24 255
-398.79 289.65 74
484.85 231.42 354
-918.09 -926.15 473
759.94 867.06 232
249.43 676.08 277
1.80 498.89 281
5.77 849.67 303
393.66 -213.17 65
684.50 66.93 248
-183.02 -47.15 228
506.03 -606.43 202
-919.13 -445.54 413
838.25 263.28 205
-119.85 633.66 221
-41.35 557.18 358
116.73 -161.47 351
694.63 363.44 252
-27.31 -147.56 327
959.47 -139.19 461
-279.21 -325.97 215
-932.62 -821.28 112
949.40 215.55 76
-958.49 90.85 165
914.37 -417.40 350
179.42 246.99 492
-640.49 -488.14 157
-837.70 588.73 484
619.31 24.02 107
-770.62 -119.05 96
-616.14 651.17 435
647.94 -831.66 361
417.83 867.73 260
-864.93 -310.10 211
-974.00 840.39 147
-718.68 600.76 424
409.65 -428.45 493
-360.70 10.59 259
494.98 186.13 425
223.49 601.55 136
604.30 754.51 248
967.16 -313.52 96
-283.67 910.34 261
453.05 -739.43 46
-714.04 851.74 204
-779.05 632.13 145
910.64 -633.78 102
414.17 850.58 313
789.06 539.23 348
-298.38 619.68 431
-825.31 43.49 303
-442.49 -48.55 9
120.40 615.41 199
-657.34 726.37 434
-994.87 -251.87 115
-535.20 829.34 261
867.73 27.19 88
445.72 878.66 66
-299.66 -853.21 332
-758.42 6.26 244
-169.96 -271.83 484
903.44 -67.42 383
-421.06 -139.38 318
867.85 959.59 390
808.47 -943.78 346
-901.06 -274.15 252
-47.76 298.38 53
-807.55 886.96 6
994.57 318.46 43
668.45 -459.27 441
788.08 415.02 60
260.96 475.88 491
394.02 270.12 134
-685.96 414.23 342
-996.58 583.36 456
661.06 614.31 373
-277.02 176.06 178
855.59 -266.46 342
-676.14 766.78 293
-423.51 980.22 429
-785.82 -858.27 182
707.75 -445.72 88
646.23 -820.06 171
235.27 447.68 212
-228.80 400.68 365
-29.21 -921.26 188
-156.96 625.90 476
439.19 246.68 203
907.77 -753.04 146
321.82 731.62 386
-53.68 -304.67 456
863.83 -185.46 490
909.12 300.09 249
894.47 271.28 499
646.84 -981.99 186
814.87 276.16 491
-345.32 788.02 419
-665.82 373.52 449
48.01 -248.57 317
129.37 -509.57 481
-462.63 -461.10 230
217.14 125.46 449
-388.96 495.59 442
908.87 -398.91 482
918.58 366.37 425
-980.47 -133.15 402
-771.42 -178.81 188
-227.94 -971.62 173
-444.69 -463.18 188
825.56 -182.84 108
365.58 598.44 276
314.49 -159.89 106
438.46 6.93 427
-39.46 -75.35 72
203.10 -685.78 438
462.87 438.70 407
-522.51 117.16 107
-261.70 -623.95 178
724.30 564.93 180
411.42 502.55 452
-528.61 -569.02 312
508.47 -796.32 388
-321.15 -87.19 14
-172.70 118.56 102
-198.71 -594.90 185
-807.67 427.84 281
-635.67 -707.14 134
14.01 43.49 29
284.22 -420.09 253
494.61 -828.55 291
160.62 158.06 173
-281.59 -968.02 187
623.83 976.50 499
978.33 -813.96 265
756.40 550.40 86
270.18 -831.78 183
-103.79 -611.56 460
190.65 -776.48 392
4.61 -714.65 478
740.71 -860.84 250
-490.83 255.78 340
26.83 -305.09 143
343.79 -563.10 295
809.20 386.88 136
70.83 -191.93 61
520.07 50.51 241
-276.22 310.95 293
23.10 76.45 402
-394.02 164.89 115
-755.61 -679.07 326
-27.44 94.21 42
-859.37 -180.82 395
-441.82 -919.37 477
518.85 -744.56 405
542.16 367.23 170
242.90 85.85 40
13.95 21.52 28
-400.74 495.47 488
-429.12 667.10 394
-697.32 -750.60 297
587.27 -738.27 34
46.42 -779.17 1
-800.35 289.16 301
-101.41 -805.41 241
401.59 -312.60 12
-542.71 706.53 488
-920.90 -485.52 144
-239.66 430.59 331
-392.32 -5.89 23
-253.27 -773.98 201
-993.29 -549.97 133
834.04 645.37 490
-126.87 967.16 303
-831.97 741.39 464
629.20 670.46 267
554.31 -360.52 42
282.63 -468.98 242
258.95 -185.77 186
-850.83 -152.62 408
-988.89 575.37 121
85.79 256.20 296
900.75 -821.47 410
974.18 555.04 247
-301.19 481.25 118
730.22 -990.11 15
678.64 -590.26 76
242.65 -561.14 35
533.92 -53.74 343
616.93 439.62 74
-270.00 -870.11 197
168.37 -64.91 228
830.74 944.15 12
-983.76 -24.45 352
268.59 -814.87 271
137.30 728.39 364
921.45 723.99 106
581.35 40.38 458
-28.05 -766.90 339
496.75 -864.62 297
107.52 704.15 322
896.36 -846.43 2
-580.31 178.56 184
-27.19 601.86 106
-368.33 308.21 283
498.21 -382.24 234
770.13 893.55 474
-345.26 499.68 100
355.94 679.56 10
-192.30 474.23 229
-137.85 660.70 3
482.77 -586.72 170
-165.32 212.20 32
408.67 -583.97 118
931.39 -223.55 93
177.77 101.11 42
470.14 835.93 399
-888.12 345.32 365
126.01 -247.90 9
549.36 -679.43 474
-563.83 992.37 61
242.53 262.55 374
-988.28 -450.42 370
-879.02 703.79 494
60.58 240.52 57
586.60 175.82 173
252.30 -709.52 334
8.27 -128.45 207
-649.22 -571.95 488
435.90 -283.61 86
652.70 -125.16 156
-10.77 -26.76 361
-647.82 -632.80 16
-832.21 149.57 425
-245.89 -52.28 470
703.18 839.90 368
-974.30 -48.68 371
798.03 -533.13 115
-833.49 650.87 465
916.20 -62.29 373
332.74 651.05 382
-57.47 248.45 225
827.33 -403.00 25
-209.57 310.89 147
-786.00 326.27 146
-371.26 -18.22 341
-627.06 504.81 392
-905.39 -301.19 8
-848.69 -707.27 143
-609.73 525.68 411
811.64 -69.61 317
-706.11 17.79 262
-1.86 -420.88 320
-914.49 405.80 310
684.38 -464.95 362
-544.30 -607.35 188
-232.83 313.82 7
875.67 629.75 404
-98.61 -674.61 353
-90.30 -72.73 158
63.20 177.65 205
800.71 -290.75 130
-557.66 303.02 402
-401.04 -599.41 215
847.35 -139.13 468
390.48 577.32 264
106.78 -37.26 153
-939.57 75.72 305
-779.29 461.10 268
-251.44 -913.69 152
503.34 -924.68 314
971.62 810.42 426
-84.14 760.55 467
546.01 776.97 40
-535.57 -806.76 51
-799.49 -345.01 429
181.80 -680.47 20
362.83 -396.71 445
74.56 -683.71 209
298.50 -873.04 361
751.82 324.02 486
814.94 -697.38 177
-501.33 -844.90 115
370.34 -651.66 428
-419.48 -876.03 293
903.38 -902.58 445
-200.05 -570.24 374
-738.09 -766.41 335
37.81 401.78 133
23.77 416.85 289
-67.78 641.04 68
-998.78 916.56 492
247.66 905.76 86
73.76 325.11 120
96.35 751.58 386
431.01 -397.63 108
-741.51 -311.56 91
-904.97 344.46 363
647.21 -784.66 67
970.09 33.54 282
733.88 -213.90 70
-111.48 360.27 107
739.01 -208.41 16
-558.52 -244.24 237
-150.98 277.08 233
39.40 295.69 157
896.18 -418.38 154
904.05 372.78 245
83.22 656.36 58
790.03 -757.01 6
697.87 726.00 34
-574.45 976.93 76
-406.78 464.34 492
-802.30 740.04 328
-237.10 199.19 219
-264.87 942.63 411
-143.28 107.03 232
-984.31 -122.04 440
-776.60 139.38 196
-308.63 271.10 327
272.50 -195.23 368
733.51 929.32 16
-126.44 150.85 115
505.11 672.84 201
-594.47 607.96 39
215.55 -817.56 107
182.53 16.88 310
652.82 -423.69 48
563.77 415.81 298
374.80 -328.78 206
357.28 259.80 48
419.84 250.04 385
394.63 937.74 383
-681.08 485.58 234
-355.51 986.63 491
-990.91 224.59 111
188.33 532.27 307
-593.31 -647.08 200
-942.56 457.01 140
-845.64 -796.01 82
576.10 863.52 172
652.09 -824.15 284
716.97 -188.39 243
-825.37 652.39 34
-690.05 310.89 348
913.33 -785.64 434
-7.54 -601.92 485
-592.64 243.51 172
812.62 70.59 164
305.03 -399.64 441
-368.14 -867.92 271
958.56 -638.05 351
-816.46 -114.41 304
269.94 -128.39 181
66.68 331.03 207
-294.11 842.10 494
-649.16 -657.64 52
748.95 -787.41 398
-918.82 -542.22 493
-505.66 -867.61 482
53.62 -328.53 391
-114.54 -909.67 186
-968.57 -787.35 202
-540.09 74.19 146
-654.90 -10.41 194
-296.67 -28.53 75
803.34 -590.20 440
-580.07 479.96 423
302.41 920.04 51
194.25 809.63 201
695.91 -923.40 287
267.43 700.98 102
-369.49 -469.65 354
-746.88 989.26 403
-581.53 213.23 99
-693.17 369.67 410
848.69 523.42 476
898.68 -585.38 476
-611.99 649.83 202
-531.42 506.33 351
746.45 -380.23 430
-783.99 430.22 121
-484.97 438.83 163
340.13 175.82 231
796.01 69.49 33
460.86 -739.13 484
-334.51 -779.96 487
-49.17 882.87 27
210.06 229.65 85
759.45 659.23 95
-14.68 995.79 71
-751.82 893.19 350
331.10 -853.69 138
-154.70 -552.90 101
-723.32 -246.74 71
203.28 667.65 44
-960.02 77.91 194
267.86 639.82 200
-388.53 373.33 486
-517.81 -402.33 143
872.49 896.97 215
510.97 -161.05 64
-628.41 260.41 410
621.69 -771.72 221
-470.75 -691.21 139
-540.03 -416.97 440
-98.42 133.46 182
645.99 -842.40 213
468.73 -176.06 222
653.25 342.27 307
-37.26 -585.31 233
62.84 799.01 35
269.08 422.04 183
-243.87 -154.45 212
-824.70 652.76 288
175.63 -805.54 356
447.13 -155.74 235
-303.81 -573.29 301
636.22 419.11 140
649.59 66.13 439
422.16 -547.17 249
894.96 -921.75 53
-99.77 -885.43 141
-730.83 293.68 229
-688.34 593.80 201
-964.90 -100.86 392
512.38 -876.77 3
825.13 -995.42 80
-753.72 -598.50 228
-199.01 -375.23 468
-722.53 -248.39 105
-933.59 -534.17 75
-107.88 -17.85 248
-971.80 -73.15 137
-542.95 390.61 26
658.01 963.44 304
867.55 -86.83 377
-298.20 -830.44 297
-922.24 337.50 228
-921.75 857.60 318
-258.10 997.31 363
239.05 -688.77 185
542.41 715.81 375
-603.38 1.86 296
303.87 -792.72 117
-504.93 636.89 167
727.35 929.62 415
-133.15 -287.64 446
786.86 760.25 89
928.77 -988.77 148
-242.35 -908.32 281
-725.76 -524.58 51
738.58 257.61 397
-634.08 -661.43 188
-356.18 860.77 310
-25.06 -418.50 27
223.49 -170.26 166
798.15 -83.35 408
970.46 126.80 276
-436.87 -128.39 130
43.61 -778.44 380
653.92 -626.82 227
822.38 -18.34 394
-894.34 785.21 124
667.53 -242.96 490
979.92 871.64 104
137.36 -587.94 422
879.76 -104.10 395
553.09 120.33 458
-29.76 -726.13 99
-328.65 152.99 326
-447.61 123.33 166
-447.61 890.50 298
280.68 -51.97 47
765.07 -861.57 158
-260.90 807.86 423
86.70 -231.91 241
-434.74 907.22 496
98.42 987.73 468
-121.86 -163.55 285
-222.45 430.16 400
-326.40 969.05 449
621.20 -36.10 334
-640.43 6.74 166
223.30 952.02 461
-54.66 -378.77 136
-153.54 -156.96 378
845.33 -183.26 215
-393.11 732.66 354
-959.90 -717.58 99
-304.67 -869.44 444
717.83 -132.18 357
-176.00 -138.16 46
740.10 -355.63 385
-920.47 62.96 68
-404.34 -931.15 490
-182.65 -134.19 12
162.33 784.17 362
-590.01 832.15 86
-147.07 -171.91 21
-193.95 -230.38 355
-180.46 733.39 31
218.79 -530.01 183
79.68 421.19 29
97.08 413.31 197
-34.88 191.56 166
-918.58 830.74 388
-578.36 -277.75 384
-834.16 959.41 142
661.55 72.12 237
-971.80 -892.27 453
-263.65 486.19 60
694.27 529.34 472
8.45 567.13 269
-369.49 -675.71 423
502.79 368.57 305
252.78 906.67 417
-31.34 -580.07 93
951.05 232.95 230
422.89 871.88 402
-684.93 -756.65 477
229.41 91.65 131
544.05 63.88 294
651.84 -595.14 337
-707.88 708.55 469
-464.34 -490.04 70
695.06 -442.43 463
-405.56 642.63 8
-727.29 14.92 280
934.51 87.74 409
85.18 -279.40 47
205.97 374.74 194
159.28 -237.10 315
366.37 -302.22 299
-930.78 741.26 395
-266.21 29.88 278
885.25 537.89 350
-958.19 293.37 293
754.75 -497.05 105
838.44 -937.07 131
-597.77 698.66 150
-958.92 859.61 412
-930.97 133.09 268
30.85 -606.62 487
124.24 795.59 233
573.35 -614.86 310
2.11 -976.07 177
363.38 -918.21 400
515.98 554.73 321
333.84 -459.21 11
-787.22 764.34 137
312.60 -567.98 455
513.60 -634.57 139
-603.38 752.01 38
185.95 418.38 387
-209.51 706.90 131
-534.96 210.36 402
79.20 -645.56 238
127.41 590.08 499
-777.40 644.58 79
277.32 -26.64 220
217.75 -481.80 422
-214.70 709.89 300
629.75 963.07 72
-542.22 64.61 400
289.96 -370.34 369
384.32 981.81 142
650.93 40.86 118
738.52 298.81 247
-177.10 817.38 247
-139.32 428.21 351
445.97 960.39 330
969.18 -34.15 439
523.91 -689.87 107
-414.41 -530.56 160
413.50 -897.34 115
-32.50 -970.82 39
570.91 -684.80 221
-235.39 476.49 227
663.62 480.09 170
-985.72 -608.33 236
-498.76 102.45 402
699.76 733.51 455
-818.11 994.75 379
-319.68 -835.38 212
135.17 -16.27 230
102.94 -751.82 214
621.63 -189.55 479
-327.62 -121.43 178
971.80 874.45 333
-352.46 -152.68 253
-336.71 -974.67 434
-612.72 -427.23 153
-504.07 124.00 450
945.55 -5.34 77
-122.35 832.82 365
-140.54 -298.56 480
-168.07 -696.10 228
138.22 -230.69 225
29.88 357.83 84
-208.72 793.39 34
-817.19 640.00 62
-712.64 441.82 372
763.24 -642.69 332
352.40 803.52 266
492.17 776.91 160
-244.79 -914.98 498
-401.41 970.89 360
-563.71 -907.10 477
-233.68 561.94 487
-240.58 657.89 405
-811.82 709.34 479
61.86 -24.26 308
-506.09 536.06 230
-707.82 -0.58 464
760.80 -129.98 278
605.88 769.46 423
600.70 819.57 58
589.53 -829.89 39
-304.54 564.68 140
-443.83 286.90 403
377.00 -920.77 359
-661.00 578.97 152
-837.95 548.27 370
471.30 707.21 363
815.55 -734.18 215
813.41 -667.71 382
765.68 -963.87 161
-165.50 762.87 473
796.62 807.86 423
117.47 -756.10 99
131.87 -302.90 312
-509.69 -818.84 324
558.58 950.32 373
735.59 -58.14 452
371.87 9.25 235
350.32 316.57 127
-109.23 -74.74 205
567.55 -489.36 36
-636.95 -832.64 469
-944.33 912.11 493
487.29 -357.77 266
-359.66 106.78 120
-215.74 -271.95 444
285.01 -72.48 259
-102.76 -414.72 323
683.10 983.46 493
-158.24 -819.51 51
393.23 370.83 466
-488.57 604.66 246
752.62 363.32 166
-375.16 631.21 287
-929.01 -928.46 33
20.84 290.69 309
-902.28 596.91 13
-972.96 788.93 87
710.44 -666.92 294
785.39 617.11 83
-551.07 42.76 420
172.15 437.97 33
165.50 400.74 373
550.65 -458.60 456
-78.77 108.31 269
280.62 -412.52 236
594.96 684.44 120
-50.39 -750.36 260
718.44 888.67 341
-84.20 483.99 320
73.82 672.54 365
-773.00 733.33 361
824.88 -160.44 348
546.25 674.25 254
663.08 474.53 261
-376.20 -614.12 128
-126.38 924.31 407
361.43 -692.80 129
622.73 -69.98 89
-140.78 -693.72 193
377.67 669.48 294
279.82 861.20 430
-542.04 222.08 191
148.35 996.77 157
511.64 569.51 296
-914.98 -515.85 307
483.99 931.39 302
-808.04 142.98 465
632.37 275.73 467
-371.07 135.53 44
598.38 -530.44 49
576.83 163.67 57
-275.25 -991.88 434
-961.97 -284.59 304
-52.22 829.40 184
23.16 217.02 422
961.18 -372.42 198
862.36 370.40 422
-823.18 587.76 392
-81.94 -647.94 138
561.63 805.23 29
101.72 161.84 82
946.23 -898.62 138
570.79 491.62 76
-858.09 -272.44 198
-950.07 -714.22 397
-591.85 -169.59 386
628.65 934.93 280
-261.82 773.92 414
891.96 -969.60 277
326.52 -271.03 344
90.24 -932.31 449
-306.07 603.87 201
992.43 -340.31 53
-471.91 639.27 146
354.53 -33.91 333
598.56 -907.16 204
813.90 410.20 305
374.74 -372.60 484
741.45 -417.04 136
-536.30 552.48 338
400.68 -211.22 337
-58.69 -801.87 465
-76.27 203.83 12
-674.18 673.51 101
366.80 -641.71 211
589.10 -674.43 28
-294.05 859.61 405
461.35 -370.65 130
-674.25 -800.53 234
620.35 238.32 34
-411.60 -616.02 137
403.36 777.03 8
-301.43 235.76 1
703.30 -104.40 376
-445.66 -196.94 250
-53.99 -607.17 397
-161.35 -391.03 372
-246.44 -907.35 131
-483.20 -256.08 69
-674.79 881.71 417
-589.59 293.56 153
960.33 132.42 415
863.34 -449.26 185
-237.83 895.57 172
-40.50 -864.01 313
-355.88 0.64 77
535.75 -204.63 185
557.73 800.10 99
-388.35 508.41 101
-364.73 -16.45 437
-917.23 869.93 119
925.41 926.57 230
-162.08 -238.20 127
-142.12 662.89 3
-877.44 -651.60 306
749.81 -954.04 403
-775.69 -331.16 474
-190.53 228.86 263
-346.84 806.51 281
-541.61 503.83 465
182.16 41.17 173
-377.85 -954.22 335
647.63 -215.55 488
-805.78 -548.08 4
-462.08 -288.86 7
-606.56 410.20 92
-627.49 583.42 379
-523.24 -383.77 413
939.09 -936.70 255
-525.86 436.57 190
866.08 -420.03 21
-461.41 36.35 37
14.01 305.15 201
400.56 -989.14 433
13.89 749.02 255
-474.72 215.86 50
223.61 -337.26 209
159.15 747.31 351
-339.70 -920.16 69
746.21 120.33 495
341.11 690.36 498
-529.77 -114.11 327
192.11 -424.48 36
163.37 -540.03 440
-501.14 880.37 406
779.29 70.28 353
-967.77 520.86 362
-693.35 -304.54 26
739.01 761.77 260
-358.20 940.98 367
-518.48 707.63 146
801.45 -796.50 224
-994.81 -325.79 499
191.69 482.47 47
-654.77 -695.18 100
697.56 -959.53 251
513.84 -594.29 206
-622.49 -937.50 306
782.71 60.46 411
-213.42 -259.07 334
-559.43 -119.36 491
-342.81 99.77 449
-183.57 522.69 263
94.64 588.79 326
862.48 86.21 80
836.30 -702.38 147
939.88 -31.40 69
-261.33 -201.27 31
-110.26 424.97 370
738.64 -617.48 335
-741.02 727.23 410
333.29 -954.65 342
-72.48 -319.74 445
-603.26 283.30 99
-392.01 584.22 1
136.14 777.40 79
4.00 782.65 265
449.02 -310.53 99
-925.96 956.85 280
-880.98 -245.70 158
101.72 564.32 222
431.26 -73.82 54
370.22 525.38 192
-847.96 -756.34 46
431.26 -310.04 375
-349.41 82.80 82
493.27 -990.84 19
-511.09 -684.38 484
-417.28 -49.96 458
-671.19 -667.29 154
104.59 774.90 158
740.10 -327.25 65
-504.87 -894.59 87
702.75 382.73 225
70.65 964.17 99
-477.89 452.74 70
177.89 470.26 130
768.85 988.22 81
601.67 -171.73 65
970.15 -559.43 164
125.28 -579.82 459
360.58 472.33 254
-575.00 -42.39 110
-699.03 -870.60 92
-641.22 14.68 445
-755.67 -813.17 240
431.56 92.62 184
-385.30 65.71 415
-963.50 -80.84 397
-76.63 -148.11 255
-768.06 204.87 68
-878.05 -82.67 221
566.03 816.28 191
835.57 711.54 425
-939.09 -465.32 99
984.50 701.90 156
158.85 492.23 30
633.23 -555.96 47
-533.80 273.84 166
956.60 -387.25 372
-236.18 -213.11 72
233.25 -236.85 316
-779.41 579.64 348
14.56 -120.03 201
317.00 594.65 349
323.10 -351.85 262
-106.17 -391.16 241
-837.64 -895.87 99
244.97 103.18 444
-987.67 -859.37 71
-477.71 259.13 166
-399.88 -499.80 152
-839.78 -541.55 2
-684.50 645.01 332
814.20 303.81 410
443.71 -510.91 467
-314.92 42.76 110
-844.90 -329.57 356
-673.76 -389.93 211
-817.50 -925.60 69
-658.07 -446.70 21
-429.00 951.66 295
52.28 125.64 142
-937.07 441.82 377
-552.35 -930.17 484
-175.15 -113.74 51
-142.12 322.98 303
585.25 218.30 200
949.34 -702.81 23
-913.69 225.93 248
201.15 787.90 405
-698.84 829.83 390
138.65 -828.42 303
-610.95 -41.11 211
-424.48 640.25 73
-900.27 -606.74 154
183.08 -982.42 482
-456.77 321.39 464
113.56 -525.93 273
-830.87 -418.38 172
-589.16 -556.44 330
693.17 -124.36 497
-212.74 504.81 87
-178.56 899.11 52
287.21 162.39 91
-793.45 591.60 185
644.70 -388.96 262
-631.58 803.70 161
19.32 -73.95 342
-416.30 -129.80 289
518.23 -41.60 69
-764.40 115.63 12
728.51 -239.30 30
-927.06 -554.73 356
643.97 892.64 254
-497.91 -852.41 326
125.22 689.87 365
681.94 -897.76 122
627.80 790.15 301
53.50 995.61 144
626.45 133.82 247
269.20 150.61 111
-802.55 552.78 473
-464.16 -572.74 482
-148.90 172.09 160
407.15 587.39 144
176.73 -565.23 145
-702.14 -194.01 225
432.72 -143.59 492
700.55 890.19 431
120.03 -110.75 455
508.84 486.31 126
85.30 762.44 7
-749.75 376.26 50
-955.57 -878.54 338
-360.52 -879.02 2
-139.01 -32.93 420
949.22 -934.57 88
697.38 37.02 455
494.55 -685.17 370
-463.30 -361.19 451
-702.87 984.86 232
-203.89 -728.20 430
-17.49 63.81 336
66.68 -570.54 308
-577.01 -148.23 234
678.40 991.58 404
-188.02 -583.00 430
39.52 853.45 313
-998.11 -926.15 332
799.86 148.47 111
-699.21 798.82 340
76.33 -156.65 193
753.65 -997.38 29
-482.77 -117.59 12
-513.66 -571.89 60
107.82 668.75 295
-789.18 -621.45 195
-405.99 753.78 169
-276.22 -726.19 64
-532.33 -594.65 483
-555.16 -95.19 458
-134.19 496.57 187
960.20 -18.28 423
740.35 143.22 448
435.16 888.12 235
504.26 -22.19 182
872.19 212.44 32
-700.80 119.97 278
771.48 882.56 283
-684.62 51.91 451
-946.04 826.78 256
-525.01 967.59 1
-624.99 -724.36 153
510.85 997.13 330
-555.83 355.94 289
-710.44 260.35 142
927.30 752.80 189
389.39 -779.17 392
177.65 194.92 363
694.02 550.46 24
692.68 -422.04 494
-634.33 923.03 474
51.42 -44.40 258
-752.19 79.62 418
423.81 629.38 357
785.03 -596.73 307
-209.14 417.77 77
177.83 354.41 379
35.98 -875.12 488
-40.31 -299.78 39
-695.43 515.12 446
752.49 771.48 123
738.64 -21.88 2
-133.88 -749.50 242
-885.49 -206.09 141
-89.33 -518.05 72
311.81 719.29 100
939.76 254.92 139
-850.22 782.22 94
-918.27 681.14 255
213.84 921.26 204
-595.39 438.52 356
-908.81 706.11 489
-865.41 -488.51 5
-790.58 66.38 332
-423.87 -106.48 489
-545.88 991.52 204
-607.10 766.53 152
-795.71 792.23 141
573.35 691.27 231
-403.36 -11.44 265
-345.50 583.06 411
-25.73 -546.07 392
879.63 951.17 227
-158.18 -643.85 492
-847.96 -691.09 78
476.61 940.37 309
-812.25 54.35 283
-99.95 -455.85 452
-607.35 734.43 265
-569.14 -318.52 191
968.57 689.63 373
780.14 810.54 28
813.90 -125.89 446
856.81 -214.64 180
-801.51 418.26 66
375.65 -788.57 252
193.52 487.11 284
-743.46 240.39 5
686.27 446.46 289
-84.75 1.74 150
751.21 523.24 75
129.37 122.53 412
433.27 291.97 216
-536.85 -117.89 8
-121.74 682.18 423
505.05 -256.81 128
-532.03 32.93 223
-341.72 532.58 265
434.74 273.66 488
-814.63 676.75 437
589.22 826.23 303
-121.01 867.85 278
549.61 -434.00 66
-620.47 603.56 194
-541.80 -617.36 156
21.21 453.17 218
-137.12 810.05 160
-578.78 -92.32 327
-524.95 -912.90 271
77.12 -482.22 341
-853.57 -873.29 288
256.39 -34.27 319
-122.04 -549.97 381
702.63 3.39 324
-758.78 -554.73 55
-613.33 64.36 337
-496.81 579.39 248
959.96 -914.49 34
248.57 679.74 400
-41.47 884.64 354
-358.26 358.62 468
423.99 -395.06 358
912.47 -668.81 258
683.58 -510.30 199
432.11 -980.04 149
-160.74 846.55 222
-868.77 -296.37 162
-721.18 -245.16 411
224.95 799.55 336
-484.73 103.67 310
-464.40 919.92 467
-885.86 -824.70 123
358.38 -638.48 401
-352.64 465.07 248
-929.93 -73.40 332
-246.44 -8.82 75
780.82 680.10 379
-248.82 -738.33 266
516.46 674.37 20
-920.47 -433.82 17
958.80 65.46 278
-602.28 611.50 137
895.63 661.67 465
-314.13 -42.33 433
-492.23 -977.97 229
-563.22 499.44 465
686.45 -970.70 148
-771.72 -384.56 448
982.79 625.97 53
-103.92 -170.38 201
797.91 -606.80 487
-580.86 -852.60 130
-733.21 -890.01 268
-256.26 -111.85 225
-767.08 -397.32 191
-645.50 88.78 480
-5.58 342.88 250
701.41 -346.54 6
381.39 -387.31 382
-139.50 612.60 395
-551.87 890.19 156
296.00 -608.26 265
878.72 -343.97 404
546.68 -880.49 401
364.67 345.50 226
336.71 -24.99 58
969.48 -95.49 466
254.19 -356.24 293
88.96 618.34 35
5.83 359.29 90
-688.59 -194.43 43
585.80 12.97 177
-486.43 866.02 418
-249.98 660.88 235
159.28 282.08 296
-794.85 699.70 333
240.27 -241.43 139
-840.14 -733.09 168
863.83 983.28 490
593.92 -698.72 216
402.39 -237.46 347
-974.55 -580.25 41
626.27 -226.36 293
952.33 587.02 326
584.22 -868.16 73
755.00 -289.77 112
442.79 647.76 290
932.74 -951.84 173
275.92 293.25 182
-655.93 -80.29 8
-821.10 -741.69 425
892.09 -109.90 73
301.19 314.07 35
-916.07 646.41 441
-290.44 245.16 281
351.66 -596.61 404
-345.50 139.01 348
194.62 155.06 61
63.57 -447.98 244
351.60 650.56 110
186.99 284.65 483
-428.21 886.29 457
-490.83 -79.93 481
386.70 -592.33 35
-423.63 -322.49 478
-165.26 -936.28 303
518.91 743.40 496
612.66 296.79 471
20.29 -674.79 129
-138.28 -163.30 340
550.22 476.55 212
-991.52 47.27 468
-910.34 -493.70 408
-998.11 -605.40 236
580.74 779.53 320
184.55 -176.00 50
179.48 167.70 60
150.49 492.72 266
334.39 588.92 376
-478.87 -441.27 316
994.93 -783.68 323
-125.83 824.40 380
-863.34 -697.74 112
-671.93 223.73 16
-489.97 392.99 117
775.14 679.56 2
336.34 -737.05 110
710.26 983.46 227
-163.18 -584.58 249
281.17 -675.04 111
230.87 734.00 120
-171.61 -836.54 175
-558.46 79.07 145
-951.72 545.15 328
-566.64 -453.41 418
241.62 -27.50 213
146.70 -998.41 386
-834.96 780.69 442
-381.39 613.39 461
19.01 -83.53 39
355.20 700.00 202
-655.57 301.92 169
-414.96 -509.02 242
-690.48 841.24 33
934.81 -313.21 418
-708.30 855.22 280
-428.94 -818.29 245
-945.19 541.43 150
200.60 -726.25 391
435.77 219.28 19
-237.28 361.25 333
535.45 873.96 414
432.11 -230.08 188
-788.93 -890.80 243
-70.04 218.54 450
435.71 -687.98 74
-636.71 -238.81 35
78.10 865.78 1
129.67 97.69 272
-883.91 878.78 360
-917.17 -839.53 83
468.86 -632.86 70
-587.76 -872.55 233
779.96 396.83 108
-218.18 -286.05 232
846.86 -398.97 210
470.26 26.58 36
-777.83 -7.90 294
786.61 -347.82 209
66.68 334.51 23
-835.08 272.56 341
-152.26 -211.28 309
314.74 173.44 386
-777.15 -681.63 35
870.11 821.10 378
-353.25 733.33 327
390.36 446.09 239
173.62 465.19 133
569.44 -436.08 467
-185.46 -515.06 90
358.01 818.78 23
-71.44 -563.52 127
645.31 -287.76 108
703.54 309.73 363
-569.20 924.13 397
-913.14 -921.57 452
-703.48 293.74 425
-205.48 -83.65 406
-287.82 365.58 247
-486.25 -857.97 341
-477.46 950.01 479
375.41 170.93 485
126.68 672.66 112
-557.24 -273.66 230
-388.78 222.27 5
-386.09 627.55 144
699.58 214.27 444
-808.53 881.77 35
-931.52 -486.31 86
-287.09 -186.38 57
-379.44 755.79 193
-322.31 -189.25 190
926.88 -86.34 193
834.71 -793.94 328
531.24 -651.48 1
924.19 104.34 403
369.73 73.82 246
-517.32 836.48 34
471.48 238.81 66
739.01 450.48 257
610.40 322.00 327
-972.29 462.69 74
-75.41 483.75 437
759.39 -746.88 395
-37.93 -797.91 250
65.95 -755.55 23
-603.20 -38.24 14
45.93 598.74 136
-963.26 -372.91 473
-703.42 -139.56 19
-29.94 -534.71 166
-584.34 7.90 279
10.65 833.00 238
606.74 3.88 215
264.56 -437.36 271
700.61 -590.08 458
893.61 -679.31 237
-949.58 -805.17 29
-751.15 -82.67 273
119.05 -222.82 51
739.43 974.36 414
