500 10 300
-500.47 -494.92 36
101.05 -69.55 31
373.58 -14.86 29
-738.88 -312.30 91
-587.51 611.68 98
705.31 -988.28 61
-296.73 -657.28 61
-884.21 -422.16 41
945.19 -289.90 24
-260.66 267.13 85
879.63 -164.83 247
-985.84 59.48 206
-752.25 -327.13 90
-125.58 -44.59 36
135.47 407.09 39
42.82 497.18 384
833.43 -888.00 197
343.67 -709.83 62
-170.69 330.00 378
885.62 478.68 275
506.45 343.79 132
123.45 645.92 203
-202.86 -104.59 364
-438.03 351.24 112
-314.19 -830.62 14
-537.34 720.39 282
-681.45 -732.11 177
606.19 -567.31 76
-190.47 -589.77 400
196.69 -657.40 213
-117.40 936.22 324
625.84 -912.96 360
-490.34 134.01 91
284.28 -388.35 338
-57.41 199.26 46
176.49 849.67 233
-756.22 509.93 129
-995.42 56.18 230
-153.17 -875.18 90
890.38 791.50 218
71.26 230.45 11
252.17 499.74 12
131.75 418.81 216
-203.59 309.12 174
260.90 436.87 142
366.19 321.94 295
-633.05 641.10 79
-230.51 527.33 331
419.23 -914.00 47
-66.50 800.41 308
737.60 -792.05 168
45.26 503.34 260
825.01 -303.57 355
1.01 223.24 357
-447.00 616.02 344
-259.99 418.93 135
-341.72 -589.77 139
135.96 -542.10 217
868.71 326.88 222
310.95 -51.91 134
-188.02 -690.24 254
771.54 665.03 160
-591.36 -250.71 302
-103.92 988.53 361
972.41 924.68 121
-725.27 843.75 398
976.68 756.58 12
-530.01 943.48 84
657.34 -131.38 133
175.08 897.21 14
-457.56 -823.60 379
-246.07 -258.10 213
898.31 542.28 183
990.11 -95.37 345
-807.92 -308.76 359
817.13 784.91 289
254.98 839.96 61
86.46 -711.91 199
-871.52 -414.11 337
-693.23 -995.48 256
-150.98 797.72 294
14.01 561.33 229
910.52 -219.52 156
-755.06 224.28 230
-894.71 120.64 370
749.50 -652.15 120
117.59 586.29 373
-670.95 -992.74 276
-112.83 526.35 251
288.00 -643.36 50
-371.93 621.33 214
673.82 -819.45 95
714.10 -157.75 260
-980.16 -998.11 19
697.99 323.65 302
-68.27 222.51 271
-251.44 -205.48 128
-670.16 354.59 274
-972.05 500.41 283
-268.96 -298.99 187
240.39 425.64 6
856.93 -885.62 75
6.56 -651.54 185
-633.72 950.07 339
-884.70 -921.26 291
851.07 -712.09 235
315.96 386.46 286
-318.83 171.97 255
395.55 885.56 383
65.95 -738.33 314
89.45 733.09 70
-920.10 152.93 118
139.87 695.79 355
-376.26 957.27 345
806.45 172.09 396
605.33 779.72 385
591.11 -614.49 138
-709.71 755.67 269
-886.65 438.58 378
-979.86 -456.40 97
217.75 482.10 344
598.07 -120.88 348
-241.62 -833.74 370
-169.10 221.53 63
-662.40 42.45 40
-746.21 917.23 309
-173.86 -67.78 365
-810.66 919.55 227
11.44 -276.41 26
269.45 184.79 212
-538.68 836.48 275
611.50 -333.11 391
-107.03 -18.77 139
252.72 599.90 390
-732.17 -945.37 171
-550.52 749.44 381
723.87 -664.60 166
295.57 768.30 58
-428.82 -199.32 117
-943.91 -32.20 175
-839.35 639.64 379
-102.08 962.89 186
-268.17 -863.16 341
-423.20 9.19 326
621.33 291.48 399
-636.28 -315.04 201
696.46 -930.30 162
-690.60 120.21 157
-161.47 -677.42 147
-892.70 -505.05 189
975.52 367.66 127
-433.33 -732.47 374
807.67 304.24 120
-692.19 -199.80 62
-766.35 -460.49 153
981.14 974.85 173
-183.08 -992.55 275
347.82 -712.52 96
-318.70 -589.53 306
188.09 -977.72 109
246.99 754.39 365
-524.28 -312.60 190
-546.13 -266.95 188
825.68 197.91 112
827.39 398.30 318
127.60 -441.82 216
167.70 -729.00 105
-211.71 -713.98 139
37.69 -129.61 121
-653.43 -223.18 382
838.25 -207.13 98
671.86 482.53 249
340.86 230.51 379
-261.82 -575.61 30
350.02 -585.99 278
-652.33 422.41 71
935.54 158.54 32
-602.47 -246.19 331
664.05 -277.02 85
-397.14 -990.97 144
716.24 -174.11 213
246.99 926.63 398
951.54 130.89 220
-215.49 -768.61 363
127.11 82.25 164
221.47 -792.84 242
-159.34 -118.93 387
385.60 156.59 162
-401.29 -103.00 109
-261.09 -698.42 251
-35.80 -843.68 5
-490.71 286.29 84
-746.51 -8.21 178
-106.36 -472.09 71
-4.49 -279.03 79
150.43 -536.48 29
-431.38 -398.05 21
809.26 506.52 7
359.90 536.06 92
229.77 518.42 324
-316.57 304.36 245
-410.50 -942.75 400
-190.10 784.54 127
-679.07 838.68 182
-960.94 -150.85 373
305.03 -8.45 270
-949.10 -256.26 17
-994.63 -945.92 226
-963.01 -66.81 174
-548.69 -514.51 296
605.21 -56.18 77
793.82 -978.09 309
405.32 851.99 280
-681.94 723.93 330
-898.56 -951.96 266
552.17 300.03 103
958.92 967.89 372
705.68 -499.92 223
-821.65 893.67 345
-631.95 -704.21 229
-557.66 -66.81 350
-573.35 461.10 350
-812.01 -869.81 383
-202.80 279.27 64
141.82 -396.65 240
30.49 -315.65 374
-111.67 -106.60 387
-574.88 445.72 391
-45.99 -419.90 25
-812.31 274.33 269
310.71 950.99 171
683.71 217.51 305
600.09 -679.74 335
172.34 665.76 390
-8.39 -240.70 51
858.39 971.25 206
-329.02 -250.95 114
879.21 321.88 306
-245.95 -132.42 95
-774.90 -621.51 46
-807.06 314.25 195
813.65 514.33 248
228.37 106.78 307
-747.18 547.04 50
-600.57 419.84 19
-507.92 872.80 88
297.89 1.56 304
810.42 -849.54 114
398.17 -824.46 48
-310.34 -608.75 397
658.50 -157.63 354
314.80 733.76 207
-580.49 400.74 61
-27.01 579.88 112
678.46 855.22 295
-241.74 381.76 346
335.25 819.15 177
-43.98 -552.72 181
-252.85 -93.84 209
551.68 938.90 5
-866.51 383.10 34
715.69 3.75 241
-700.98 179.24 254
-877.93 -33.23 57
38.91 663.93 274
-194.56 -29.15 393
701.16 263.83 311
201.57 -372.11 120
-35.49 246.01 218
-696.22 385.72 241
-808.71 -910.09 119
744.74 682.24 68
-17.18 -937.25 101
335.49 -212.93 292
-945.37 -851.19 62
413.01 785.03 191
-495.16 611.07 368
502.91 -328.59 15
225.93 -563.89 183
-437.30 272.56 37
-147.37 -17.91 144
-334.82 905.70 83
-494.92 554.86 326
674.49 -375.90 263
914.55 646.78 339
502.49 -215.55 331
573.60 -583.48 165
161.47 -213.54 378
-430.40 -68.58 283
-697.44 -580.31 27
-0.82 -22.55 223
494.43 -450.12 320
-430.59 123.63 376
-591.66 -850.58 171
-583.91 -553.03 254
-420.21 -837.76 245
-435.96 -856.75 149
761.89 -346.17 306
-931.09 406.84 193
-669.48 368.63 189
960.20 -281.47 293
-15.17 465.74 325
907.10 277.38 66
364.48 64.30 380
298.81 -997.38 318
430.52 -436.99 194
417.46 569.57 151
769.95 -251.01 230
-159.89 -430.34 85
646.84 -269.14 201
-616.99 -640.86 214
-124.97 -31.40 24
-957.46 -273.11 155
686.39 -619.37 91
754.81 -578.78 61
958.37 -66.68 326
624.13 80.97 8
702.08 513.78 374
-175.76 -537.64 289
-161.53 -501.14 151
-106.66 295.39 39
-734.98 -482.89 272
884.27 888.12 199
-719.90 -301.68 111
-963.19 976.99 146
-156.71 -521.59 82
-434.25 -457.26 386
153.90 -987.55 44
-948.06 628.96 63
877.07 -291.73 247
37.87 859.74 44
-712.27 -434.00 244
-988.95 607.53 42
-109.59 -842.83 310
-741.63 -140.84 182
947.26 436.51 317
-654.53 19.99 244
-925.29 -586.11 44
-537.22 430.95 132
-118.20 264.75 156
836.48 -497.79 27
782.83 -25.73 269
-920.71 -659.60 117
875.85 353.25 242
0.64 -188.21 123
369.98 -533.92 284
-743.22 -605.88 48
740.17 440.17 260
557.66 175.51 52
821.34 -480.76 314
193.52 -796.99 132
-316.75 336.83 378
-332.80 328.35 301
600.76 967.59 300
454.51 -18.71 321
-1.80 -384.01 219
622.97 -819.03 298
-839.41 -929.75 304
-535.69 817.68 338
-995.97 538.44 183
691.52 54.11 361
-451.16 -559.68 162
363.32 856.44 157
178.26 405.13 246
-217.32 -583.73 98
551.32 -632.31 122
-585.44 -173.07 350
-581.84 522.81 95
639.88 -936.40 255
-193.21 224.10 184
-850.83 -642.57 287
369.12 -29.57 395
237.46 677.79 282
332.19 -362.41 387
-562.67 512.38 12
-244.12 -646.17 76
-927.98 701.10 198
-104.89 -875.61 255
-327.37 -11.26 22
656.18 735.95 328
36.84 465.07 351
-327.80 -135.11 397
257.12 411.48 293
652.39 930.72 283
-435.47 -489.61 69
-370.59 311.62 87
574.76 -837.15 131
800.59 347.39 220
727.84 -964.05 214
-937.01 317.12 108
-359.42 -814.81 198
352.46 573.60 302
984.25 -585.68 267
-262.18 -531.30 153
613.15 193.33 382
-830.62 883.54 58
253.03 710.93 21
60.88 317.67 330
-642.38 -265.11 255
765.19 859.92 315
11.63 144.69 313
-272.26 190.28 256
247.60 536.18 16
-84.93 -683.28 107
-900.75 -572.19 25
-721.12 269.14 195
-607.90 -430.40 260
-231.30 710.07 125
914.61 -78.28 276
3.57 -369.43 346
476.49 -717.40 279
405.01 -775.57 123
-303.99 546.86 177
629.32 927.24 312
-596.79 423.20 13
-235.15 -276.71 273
571.28 383.95 55
233.50 -597.77 297
922.24 901.12 55
901.49 -250.59 153
-936.28 904.72 303
-184.36 -76.45 238
-564.20 121.56 327
483.75 -236.12 392
744.07 -232.28 285
-33.17 -275.49 278
-832.39 -770.74 22
491.26 -188.82 41
712.64 -880.31 299
-925.29 -460.43 142
-118.08 699.88 355
38.54 -203.10 329
-397.14 337.02 281
-498.89 821.77 251
-658.50 -283.49 237
-734.86 -433.15 212
-209.45 146.52 2
169.29 -270.24 341
691.34 769.65 84
230.26 -25.85 206
498.34 63.02 335
999.57 -428.08 198
-45.08 -84.02 364
747.98 -878.05 372
-518.17 80.42 1
-370.46 395.12 291
-167.46 136.14 131
102.27 970.09 4
-14.37 554.06 314
-142.31 -594.96 187
986.69 226.66 341
577.87 491.50 59
655.75 -787.65 173
246.07 906.67 46
-996.09 665.21 220
-254.92 567.98 94
-902.52 -765.13 262
321.39 -548.63 288
219.76 885.68 397
-563.71 810.79 187
764.58 -666.37 316
811.33 878.84 142
594.53 -599.11 208
351.05 -504.56 65
-131.93 -223.24 6
-646.96 940.37 352
827.08 -789.42 192
227.64 796.50 365
-7.48 -709.77 379
112.28 192.79 81
-105.14 -67.78 52
518.91 510.85 182
-893.86 776.85 126
749.69 848.45 171
207.07 -908.63 140
-491.20 457.38 268
653.74 788.02 152
-827.45 270.12 167
558.21 10.71 191
808.65 738.94 253
-581.53 688.16 151
-490.59 797.97 3
70.35 732.84 19
-830.99 55.64 105
-158.91 446.94 87
-255.59 596.06 324
-688.89 -582.75 110
546.19 -743.34 263
-516.53 998.96 256
449.39 -794.49 287
-225.07 646.47 220
359.48 317.36 87
-675.71 106.11 16
-948.85 493.03 355
-85.30 79.74 209
877.93 -70.41 169
-425.58 -337.38 313
-927.98 680.29 105
912.59 -107.09 273
-327.01 -106.30 222
698.78 -621.81 221
779.23 144.02 143
375.41 439.68 29
75.47 -502.55 334
333.17 777.52 312
683.16 672.35 386
-855.40 574.08 95
-426.31 71.93 202
-216.59 454.33 190
320.23 866.08 186
