500 10 400
-594.10 69.86 44
-909.54 910.09 99
793.21 516.22 94
-241.49 -628.47 48
-712.09 575.49 44
-923.15 736.20 67
269.75 -841.43 99
263.47 633.78 51
136.27 541.37 31
-640.86 -86.40 33
-346.54 -694.57 437
-438.70 855.59 407
-349.16 557.97 82
678.33 -421.67 233
619.98 253.03 470
137.79 852.41 107
-925.53 540.64 91
857.05 886.10 340
-198.52 255.96 238
9.25 -511.70 241
-380.90 -799.68 58
-465.68 559.31 200
215.43 991.82 120
404.03 381.82 399
317.97 -763.18 317
403.55 -76.33 158
87.13 -158.06 306
-208.29 -431.26 249
491.62 691.64 334
891.48 -380.54 399
755.12 926.51 335
697.13 809.56 97
-986.14 -100.86 294
216.96 -823.48 96
345.62 830.68 251
737.24 228.92 253
-433.21 472.70 220
-234.35 -359.90 475
904.11 -39.83 363
318.16 974.43 495
70.65 -236.55 222
718.80 434.68 136
-328.59 -537.46 454
430.10 -417.40 304
-521.96 -770.99 299
872.74 653.98 483
191.99 652.82 47
976.81 739.74 72
118.32 150.18 488
-411.36 -36.10 156
-58.63 880.43 493
-921.87 123.75 16
780.14 -867.43 413
807.37 -693.59 155
161.23 775.20 295
-216.90 17.06 426
720.15 831.11 427
-931.09 591.78 97
588.24 809.44 492
629.63 -625.11 429
-215.31 334.15 312
473.19 -433.70 347
765.68 114.11 134
490.28 -960.51 293
832.82 646.35 209
-480.57 -956.36 214
624.07 -513.41 242
140.42 -214.58 266
-353.43 -294.60 175
-237.65 686.88 67
19.07 -473.01 32
986.33 -114.96 475
518.05 372.23 224
-777.95 528.49 396
-86.15 -159.15 399
-608.81 -119.66 21
699.39 -168.86 108
485.27 416.73 491
893.43 246.38 143
-963.62 -749.87 196
-96.90 -162.27 39
435.53 574.76 341
-301.37 -77.79 137
754.94 658.44 110
41.72 251.56 125
-449.93 -539.23 234
-532.76 -565.17 432
275.31 473.07 6
-608.14 -707.88 132
-299.91 116.49 180
369.18 -418.20 238
-686.57 -759.21 183
373.03 954.34 377
392.74 -808.83 133
324.38 -10.53 197
449.14 807.37 205
-874.20 -977.97 238
392.07 -170.75 193
489.43 -598.56 430
-774.65 -230.75 199
79.50 116.79 19
656.30 608.39 243
-797.97 596.79 226
-92.07 -54.66 401
-305.15 -781.37 383
-471.24 -284.10 168
-930.36 -126.50 444
342.63 -445.05 397
570.12 98.12 360
120.88 551.62 9
889.77 37.14 14
347.51 -208.59 329
98.30 94.82 153
823.05 -57.28 340
-909.67 830.13 39
-921.99 476.55 95
862.30 -318.22 499
883.18 -839.53 222
377.18 -260.23 269
-197.97 -514.39 200
955.93 252.36 46
-12.05 925.11 214
275.25 -876.52 451
-477.52 -371.26 125
-581.84 567.25 326
-213.72 585.56 346
-747.12 587.21 162
-114.23 -322.92 72
968.69 -700.86 310
291.42 663.75 50
-885.07 555.28 108
811.94 -779.11 482
-769.59 112.58 384
-900.75 949.03 204
-647.02 -30.18 256
-714.35 47.33 270
629.81 716.42 446
361.13 -669.48 251
140.35 56.00 72
744.74 -274.94 21
158.18 326.46 331
-553.03 -443.77 194
-340.92 -908.93 380
-496.69 83.77 334
-814.26 975.77 205
238.93 -895.63 313
446.15 115.33 184
-351.36 274.94 299
512.86 -889.77 457
989.68 -643.67 2
447.13 521.65 47
847.16 -896.85 173
847.16 906.61 52
-314.13 -742.73 224
-535.94 -538.62 157
498.46 313.82 361
-105.75 -249.43 74
852.60 653.07 405
685.66 4.36 62
674.73 -474.84 44
249.43 -686.94 52
736.44 489.97 53
-13.46 -9.61 380
-717.52 493.33 109
-723.44 661.12 254
805.72 65.77 446
684.19 508.96 256
-115.27 -604.42 180
-835.81 841.49 165
503.65 518.36 197
439.92 -53.50 276
-379.50 821.89 314
343.97 -625.17 382
-806.33 740.71 497
-8.09 536.55 352
-340.43 159.89 374
460.01 97.20 111
233.50 909.05 331
408.12 -648.37 294
-369.67 62.84 75
76.94 786.55 314
-884.82 -188.57 487
545.82 674.43 166
457.08 -313.52 31
-686.82 12.18 3
609.85 -834.71 485
-594.10 -315.29 118
-954.59 383.22 286
588.00 -355.51 461
852.78 -889.95 294
-930.72 400.80 357
-747.12 540.64 372
-331.16 461.84 132
-691.27 63.33 149
902.52 -188.15 394
581.84 -747.92 59
207.62 -706.90 270
552.42 -871.88 368
720.69 -860.53 88
-967.28 -492.72 445
-48.07 -867.55 225
803.64 237.83 435
-405.26 165.68 396
-444.62 588.98 416
-179.66 664.85 259
-846.61 227.52 435
-8.76 -435.59 239
534.59 364.97 327
27.99 638.42 487
419.54 18.10 219
-69.19 -824.82 441
-250.89 -838.01 65
450.54 -477.46 267
-432.11 -898.56 224
854.37 -845.39 418
240.64 -91.10 256
-585.92 -111.12 486
638.23 513.96 454
-116.49 -54.54 215
-469.83 236.98 320
98.36 -48.43 144
110.69 485.40 367
163.24 -1.43 435
619.86 -775.20 484
740.17 -294.17 151
-347.70 -48.31 2
-26.28 -812.86 378
217.20 475.26 104
-174.17 101.84 387
178.81 117.89 131
299.72 849.18 313
619.80 211.95 247
459.21 690.54 153
170.63 -740.04 449
-456.16 396.53 316
697.38 82.49 491
-907.41 180.27 297
181.13 951.78 160
-927.37 -571.76 277
409.04 -643.30 172
809.02 -659.11 490
472.40 905.82 481
281.41 -715.26 243
293.62 206.76 170
342.08 692.92 334
-281.59 614.67 94
866.45 981.38 326
369.30 756.34 466
-977.54 419.11 361
-288.06 980.47 267
992.07 -542.16 104
-118.08 -412.58 406
837.09 936.95 397
12.54 120.40 270
-960.88 -917.66 415
337.63 391.77 216
-211.04 -431.99 16
-526.23 535.39 493
-376.51 346.29 67
-741.51 453.35 39
-254.01 -257.00 218
586.66 -170.38 66
-428.69 688.34 383
-901.49 -348.37 180
964.96 179.11 373
-423.08 168.25 98
538.74 -615.28 464
756.83 -328.90 496
478.80 467.57 481
194.31 660.94 119
-35.86 -556.20 398
126.26 105.44 101
535.14 509.14 207
129.73 -141.27 372
-960.69 441.57 358
-885.19 -856.14 46
272.68 234.60 150
-0.27 551.62 41
-611.87 -763.91 308
-423.08 -473.01 191
823.36 -952.45 456
-165.56 54.54 79
-860.84 498.89 484
-407.64 -540.45 14
-971.80 -571.76 155
-992.98 168.80 287
81.33 -0.64 6
530.75 -832.09 312
-46.54 133.88 299
542.16 7.35 450
587.69 581.77 315
338.11 789.36 418
-604.66 -564.99 225
-259.68 -129.80 498
-2.17 -230.32 178
-515.92 281.04 439
560.35 -175.70 349
57.16 -641.35 263
-856.75 938.41 311
-993.29 -963.99 177
109.10 635.49 153
172.95 -84.81 361
706.23 989.68 194
-908.08 -106.23 374
-249.24 9.61 267
-808.10 976.07 328
96.84 469.41 492
-373.58 -767.39 178
575.73 647.08 43
-92.50 -74.37 340
538.19 -937.07 10
-840.14 -168.19 134
314.31 781.73 372
-928.40 -961.55 226
-954.77 407.76 137
-284.34 190.71 367
708.43 815.73 163
605.46 -403.06 231
986.57 -840.75 416
-113.86 992.25 120
-815.61 -948.73 381
688.96 372.91 416
-85.36 248.45 480
-349.28 398.79 84
13.58 958.49 494
666.74 659.05 422
354.17 -731.38 310
-645.86 867.12 432
-850.76 -585.19 50
708.49 -960.26 4
233.99 -71.99 179
282.57 -829.16 272
-73.52 355.57 4
159.52 87.01 33
651.97 -493.39 184
-725.52 317.00 195
-187.23 -728.39 265
-478.26 169.29 2
-341.53 254.37 195
804.44 -955.26 500
-602.77 992.37 354
-0.09 562.30 368
-252.36 -331.58 169
977.11 -405.87 103
-194.68 191.32 140
-448.04 -953.06 494
-257.12 -413.56 349
868.59 -569.26 249
-273.17 -948.18 59
-618.52 183.69 50
764.15 -965.88 281
-346.60 -383.77 164
244.91 -469.22 109
-191.81 -550.10 420
965.21 763.97 235
953.73 -490.34 137
653.07 656.79 229
-544.79 -571.95 363
727.71 422.96 246
848.81 489.61 170
-551.99 301.55 143
690.54 -767.51 364
999.88 286.84 162
982.30 381.76 39
-313.70 -138.40 382
-741.02 -638.60 116
466.84 498.09 86
-795.53 -717.28 176
890.68 -713.19 33
-955.44 -837.40 494
241.25 -254.68 296
-812.62 464.64 46
695.73 895.02 114
-102.57 -900.20 368
-239.72 321.63 56
-550.16 -950.25 82
418.99 -591.36 100
-533.74 -992.74 416
577.32 -500.72 293
-769.83 142.19 164
-254.98 651.91 366
971.37 520.31 23
-264.20 158.73 129
-355.51 -896.24 376
710.68 345.26 67
-143.59 868.77 170
-587.39 608.14 64
-433.03 -337.38 469
178.38 -564.44 216
-742.42 221.78 213
518.42 532.88 455
670.71 540.45 111
985.47 -601.79 337
-774.53 -229.59 67
942.32 -989.62 401
-933.71 287.39 300
956.42 -50.02 452
-361.06 736.14 153
128.88 -469.95 42
-24.69 -988.77 301
-33.66 609.42 443
-251.93 -507.31 155
674.86 -46.54 166
876.52 688.96 335
242.23 542.04 207
283.30 988.95 113
632.19 353.98 33
-437.91 747.06 463
90.43 128.57 293
-931.94 -340.80 443
-793.76 673.15 381
542.34 599.78 445
237.16 693.41 192
73.76 10.59 459
-464.16 -869.87 184
233.99 -168.55 60
969.91 -169.84 111
852.78 72.36 357
-757.13 -676.44 262
372.72 -289.41 497
-733.15 763.18 437
288.31 -102.94 427
438.70 961.18 297
84.99 724.36 278
102.82 -819.21 271
-401.96 299.42 322
-124.73 156.83 116
57.59 -181.13 94
-882.81 -20.29 33
529.22 21.09 289
928.71 230.93 89
-757.32 35.25 463
834.28 -643.85 300
-317.36 508.65 250
101.35 952.45 259
-464.83 226.97 374
-379.86 682.91 102
903.01 492.78 474
-268.04 -840.45 458
860.35 -453.23 242
-432.91 -391.52 262
673.21 -445.05 273
-400.07 697.32 336
109.16 391.03 410
489.85 816.58 302
450.06 870.85 69
-888.91 608.20 97
358.87 488.14 428
223.18 -116.49 30
878.78 316.02 353
754.26 -484.79 171
-184.12 -180.82 391
408.31 670.34 152
-175.88 123.39 62
513.35 -866.82 292
919.31 -941.71 443
-46.11 -312.11 161
-844.66 278.12 53
-74.74 846.74 302
-958.43 -780.14 288
-638.48 -128.03 298
222.33 -161.17 500
-530.81 291.60 263
-775.14 -800.04 192
101.29 -793.82 179
961.00 -627.98 294
-24.75 -121.43 69
389.57 900.57 269
225.62 629.69 422
564.75 687.00 460
-259.13 195.04 85
-546.74 622.43 91
409.22 668.08 55
660.15 -940.73 54
41.05 223.67 196
797.36 415.88 404
-397.81 -775.99 275
923.83 129.86 130
720.82 -685.17 217
-481.43 75.29 137
483.87 -34.33 187
78.34 667.65 283
557.54 850.58 441
-96.29 -533.68 348
-95.19 -249.67 311
204.38 -617.42 5
79.87 536.79 191
-436.26 -127.96 447
505.05 520.62 119
-692.92 977.42 131
-468.73 -736.87 305
666.25 46.54 8
694.81 110.87 37
73.34 -375.53 93
-334.03 -534.53 455
702.69 -336.89 465
-813.04 -598.80 392
-241.55 -942.99 252
63.75 930.60 405
228.31 -156.10 343
-733.02 256.87 143
-860.96 -540.15 339
652.52 979.31 92
12.36 -540.33 358
989.20 -310.22 457
-530.32 349.41 115
-875.24 966.61 343
-963.99 886.65 331
485.82 680.90 115
-618.70 -371.01 481
