750 12 100
-63.33 34.94 49
-224.83 -93.05 88
577.50 -900.39 93
658.13 7.60 25
-423.87 59.48 59
206.03 -557.42 39
-128.70 -841.12 95
831.05 969.24 71
-211.89 722.16 77
971.01 -192.54 64
535.08 842.52 85
-474.59 -519.21 77
-555.28 651.78 75
-858.03 -832.45 65
-65.16 -257.42 196
499.62 -374.43 45
747.06 -431.50 59
-980.77 894.89 27
323.16 745.48 55
312.85 350.20 167
446.39 -630.36 183
-597.71 -496.20 180
-234.66 1.43 162
-440.96 -488.02 182
-227.03 -906.06 187
-228.49 -142.98 195
492.11 618.34 87
-394.57 -584.89 4
-241.07 -297.10 134
817.07 -671.80 184
-135.17 514.76 75
771.42 22.06 99
-356.91 -384.50 174
-246.80 -390.48 14
142.31 -129.18 1
887.14 -971.25 144
-954.16 934.63 163
-144.81 -149.02 128
234.90 614.37 59
168.37 990.17 197
-399.46 -697.93 109
656.18 -180.64 175
-364.73 -620.41 57
-655.02 684.32 30
729.67 -679.37 145
241.86 764.09 131
-287.94 376.20 175
981.26 902.22 127
-747.06 479.11 121
80.48 678.03 32
554.31 -394.45 121
924.44 -149.33 36
-484.73 -480.45 3
-174.66 -360.45 84
554.12 862.91 194
-179.60 356.61 89
-278.97 183.02 12
527.15 -74.86 62
915.52 961.18 69
-366.80 58.63 180
-836.36 272.01 141
-305.46 578.05 177
275.92 615.89 66
-894.83 775.38 120
36.77 966.37 78
639.70 -878.05 26
-371.01 427.23 61
-903.13 236.55 99
515.06 330.85 74
-453.96 107.09 62
735.40 397.38 178
-256.75 364.85 82
791.99 -48.01 35
696.89 -825.37 88
209.45 420.58 117
363.08 -703.54 139
762.44 640.43 191
-698.84 329.75 2
469.28 182.96 56
60.64 -673.21 12
-963.32 138.16 154
354.59 -892.33 178
-262.67 -89.14 110
-44.10 -29.88 35
-24.99 766.47 172
973.39 -677.05 87
279.40 403.30 7
981.20 319.38 29
427.78 -46.91 61
638.05 87.50 196
-930.48 -212.01 27
181.43 -105.32 155
871.70 -424.24 80
785.21 786.07 20
68.15 -563.28 12
-543.63 167.64 51
627.00 -940.49 126
184.06 695.85 95
300.76 479.23 31
-318.46 -51.30 131
-155.49 165.68 36
-464.16 938.90 188
925.05 -648.73 139
145.05 825.25 51
-50.14 409.53 46
-266.70 -546.98 16
-526.05 -183.63 172
239.17 -161.78 108
-768.00 -955.81 68
-782.10 670.71 30
461.96 -103.24 145
-657.28 -415.39 3
-736.14 549.18 102
872.31 591.66 31
541.67 -847.16 12
-167.27 932.68 91
842.65 -440.78 44
-115.09 938.29 77
-600.45 747.18 89
-838.07 538.44 170
-863.22 173.19 96
-974.36 -920.10 3
576.71 -268.84 194
-58.99 350.51 187
728.26 -421.55 111
768.24 -585.44 143
-596.85 -7.35 98
-38.67 -709.71 60
235.57 929.75 4
698.42 895.02 75
233.19 -700.19 88
-902.52 295.69 177
-792.35 -580.92 23
-355.51 386.88 153
168.55 881.89 53
-974.43 915.71 185
974.18 475.02 166
968.14 546.56 37
-542.47 980.71 56
695.55 643.12 120
139.93 27.56 42
452.62 -94.45 159
-242.16 814.08 33
-504.87 -826.96 173
412.40 -222.08 28
-773.13 -149.88 137
449.32 385.91 157
-957.40 774.90 13
-552.29 -591.05 49
-838.86 182.29 166
185.71 581.47 185
-454.15 964.60 175
404.40 674.86 171
-826.17 -49.35 133
-127.96 985.60 2
-334.64 665.94 18
891.05 -693.04 137
-114.66 -761.47 68
255.10 -138.89 123
-181.31 47.09 20
996.77 -325.85 129
-942.81 595.93 32
314.62 -275.49 143
-136.08 -779.66 52
-909.73 133.58 188
-745.78 -195.84 196
-356.85 957.34 193
-900.75 -6.74 68
-922.85 11.26 146
166.36 659.78 137
-998.47 889.52 169
-483.14 -142.92 7
-199.87 148.59 23
-971.86 -534.53 189
237.40 793.76 97
247.78 402.26 122
272.87 -47.09 134
-425.89 -84.20 111
-245.40 226.66 8
135.90 -654.16 56
-567.55 889.46 164
965.70 64.18 154
721.30 -844.29 54
378.52 360.88 45
99.09 -648.00 135
-870.97 60.64 8
203.16 -691.52 185
170.45 -106.91 104
-169.71 850.76 143
-59.30 345.38 74
410.50 -817.74 39
-710.32 -845.70 131
357.28 452.50 77
697.50 987.67 69
245.58 151.16 180
562.24 478.13 21
290.81 -585.86 131
-690.05 -143.83 119
338.66 108.37 109
142.92 227.27 179
783.87 943.66 35
-344.34 309.85 10
-240.21 81.45 13
550.28 -561.33 50
839.11 -972.05 68
530.01 94.21 145
-406.54 257.12 168
393.11 394.76 17
-51.67 -734.92 42
632.25 133.88 145
-435.47 854.37 134
-274.70 307.29 29
751.40 -363.14 76
-975.59 905.94 137
902.34 281.96 145
968.02 303.08 108
-597.95 161.41 99
-499.92 -916.81 126
-369.91 19.75 17
334.64 896.91 86
328.65 -638.54 57
301.00 134.98 97
-531.48 658.86 190
-301.92 140.78 193
-923.52 486.86 88
-381.33 -428.51 130
539.35 540.21 184
-163.43 -363.20 100
-80.11 -571.83 28
318.95 521.10 73
-942.69 -571.64 179
995.91 599.72 199
-68.45 -740.23 42
326.27 326.33 90
198.58 657.58 166
-294.53 -841.12 49
195.72 -651.30 9
106.11 -152.20 41
-668.63 188.15 94
-213.90 -914.49 26
-145.79 -32.20 137
-317.91 162.08 103
-201.45 10.53 37
486.25 -866.76 51
-328.41 350.02 19
626.09 341.59 132
437.24 334.70 56
-315.04 -820.67 59
807.00 -878.05 169
-541.61 -995.91 157
-974.61 1.68 105
-901.18 354.41 51
-518.60 -946.35 151
-104.53 -680.23 32
840.88 -444.07 33
-569.93 -652.15 140
-773.92 -938.11 129
382.92 161.66 167
521.59 414.72 178
393.48 76.75 184
-598.99 -594.29 134
351.05 -910.76 106
413.86 573.11 163
-439.99 905.03 103
-329.75 -989.87 132
-369.24 -148.72 183
-403.36 281.53 68
954.65 601.18 147
-878.48 856.56 126
466.90 94.94 150
769.10 133.15 115
-655.75 -777.70 150
-281.35 377.06 3
566.88 -29.33 57
-811.52 999.63 191
-843.68 -889.58 163
772.64 790.15 135
621.75 -681.94 177
847.16 250.95 46
-37.57 190.34 194
120.03 315.29 79
737.91 121.80 15
74.13 -300.88 129
-533.49 755.42 104
696.34 -795.95 177
-784.17 -75.41 129
-248.45 -298.87 151
-65.58 -70.71 71
190.53 -475.14 193
114.66 884.40 140
330.42 859.98 18
-998.17 990.91 18
470.08 -360.70 114
-961.42 163.85 186
835.44 -239.30 108
799.80 -249.98 140
462.32 307.41 108
-415.75 339.34 107
45.38 179.24 133
332.38 -838.50 41
-819.51 359.48 74
-114.66 -483.20 169
-963.07 201.09 152
-952.45 365.03 85
582.20 871.15 79
-307.72 -157.69 55
-721.06 688.16 140
536.00 -662.10 148
946.65 -219.15 114
-575.12 94.64 106
-534.59 -469.83 120
296.06 -650.69 106
459.82 -114.60 158
-365.15 -952.94 51
-726.19 -880.73 138
503.65 402.26 165
-306.56 152.13 30
316.26 -713.13 163
-762.75 -515.43 9
-277.69 -148.59 48
666.37 -714.65 40
500.90 178.75 49
916.68 524.09 200
493.45 -615.47 129
-824.76 -516.22 81
-423.63 -339.70 40
561.94 -227.94 14
741.87 554.31 149
82.61 -673.09 161
764.46 -442.43 117
448.59 -860.65 179
-64.18 48.49 75
249.06 -271.95 23
196.94 107.03 16
-922.24 -936.70 116
-61.49 886.29 94
797.72 -108.92 39
26.70 372.30 17
426.74 -494.61 163
-512.07 727.29 111
-601.79 -791.50 122
-988.40 243.02 5
-561.88 234.41 104
244.00 -518.11 155
257.55 38.79 62
-991.82 703.24 57
-65.40 -167.82 83
-661.55 -590.44 33
505.66 -700.37 183
813.47 56.55 102
147.07 -140.96 126
367.53 -106.97 104
663.01 -184.42 118
-208.84 796.20 134
43.37 -382.61 125
-237.83 75.66 30
-122.53 -643.24 56
721.79 806.76 55
-354.53 -49.65 169
475.69 -450.24 43
-381.45 306.50 10
311.44 -414.35 109
522.57 -486.98 125
-75.23 283.06 8
516.16 -104.46 51
799.55 -828.24 173
-353.01 -46.30 136
122.04 -28.90 42
30.85 -59.72 113
-899.17 468.25 135
-198.71 -556.99 44
937.62 2.72 36
-355.63 21.76 104
920.59 647.57 124
-276.28 988.22 13
426.74 226.29 100
-743.22 -955.50 143
279.46 326.15 32
178.99 970.03 84
-838.01 -295.27 197
-521.96 -889.03 156
-113.44 196.02 98
-857.42 339.46 142
506.27 -354.53 166
-497.85 650.26 75
797.48 -199.32 43
286.29 -87.13 56
-235.39 -305.46 176
-749.99 738.15 74
794.55 143.59 68
-49.10 201.39 14
153.17 -219.21 126
-529.89 -453.66 40
-72.18 815.55 19
796.14 -786.31 28
521.35 698.72 48
483.32 857.48 183
653.68 -670.40 70
-687.61 668.63 195
765.74 -382.92 57
-740.41 -415.45 94
-992.07 -649.65 113
-615.41 55.21 135
-127.41 -299.23 122
-485.21 231.91 83
252.72 -495.04 197
-906.74 978.58 47
527.51 33.17 30
513.78 -765.86 81
-567.74 -535.87 154
942.08 -772.39 166
-772.27 -972.66 152
-731.56 -887.08 45
277.38 980.10 136
698.05 -996.40 17
-162.76 -487.47 162
-181.86 -613.64 119
894.34 568.65 64
-966.43 746.02 2
-480.21 684.07 112
278.79 170.45 46
-322.98 -476.12 80
-844.60 993.47 140
988.65 -895.75 173
-650.32 -590.75 59
-121.25 -48.13 127
610.58 -282.45 79
10.16 -58.63 20
964.54 -328.10 155
282.20 511.83 37
454.51 -432.97 61
99.40 634.27 98
774.59 -547.53 6
403.85 551.44 191
-28.90 458.78 93
-656.67 170.63 186
-848.45 912.59 61
-328.29 324.56 186
130.22 -45.08 159
-708.24 165.75 169
397.08 -998.23 115
-986.75 -21.88 134
-28.72 862.36 24
851.50 929.81 83
847.04 -105.01 26
290.08 996.28 150
-900.08 491.62 128
-878.23 710.50 86
-442.24 -316.26 17
18.77 789.12 93
485.95 -985.29 34
109.29 -700.37 126
262.12 -741.39 163
814.08 113.19 147
748.83 -642.81 195
-741.20 189.79 57
282.08 320.66 75
991.94 11.75 17
119.66 63.14 174
738.46 469.71 132
-913.94 459.52 46
-229.35 -38.06 153
-734.00 -429.79 190
-584.40 645.25 125
178.69 234.90 129
506.70 -83.35 154
-832.33 -667.23 141
462.57 -426.19 91
-990.84 200.11 116
-596.36 -71.93 74
-769.40 229.41 188
527.82 699.64 172
587.94 803.89 150
131.20 41.29 197
-173.19 -306.01 154
-588.31 776.67 54
-503.59 -891.11 50
-208.72 144.44 101
447.49 6.01 42
183.51 -731.86 95
-19.75 -735.47 66
670.28 463.55 67
-343.42 -820.55 64
677.11 -390.91 57
810.91 670.16 194
-787.04 389.57 149
33.30 886.04 12
303.26 519.15 81
604.79 768.24 152
657.46 324.81 81
289.77 851.50 145
-884.21 554.55 71
287.15 403.36 49
766.96 236.24 194
-247.60 162.14 191
-930.60 84.99 163
387.49 685.23 111
-902.71 -396.28 56
-606.25 919.00 111
405.62 -115.39 118
-145.18 -706.84 73
-762.99 449.87 5
602.89 676.50 62
-893.92 523.12 191
79.93 -840.51 82
457.44 139.68 37
-118.81 -895.14 125
349.35 -254.68 112
811.94 -530.93 183
210.24 -363.02 77
652.21 -687.98 143
-91.28 26.89 184
-342.63 -86.64 194
-89.21 -94.15 128
371.14 -736.87 4
429.79 -507.19 194
-151.71 135.04 51
-556.44 143.47 23
123.57 -264.44 109
523.73 386.88 150
-32.38 -697.74 185
827.94 533.01 87
899.72 246.13 129
-385.48 279.46 110
319.07 -250.95 37
481.55 -796.75 55
-268.47 -610.83 191
478.19 201.15 172
-370.95 -380.66 87
518.97 82.86 162
-118.69 -978.45 99
410.26 889.52 131
768.06 453.05 100
523.00 -663.32 43
268.04 733.15 157
959.84 -663.26 83
-820.80 650.20 71
225.93 -928.59 23
319.50 39.89 72
-832.33 825.50 17
701.28 752.43 167
538.68 -1.19 87
-561.69 737.36 136
246.07 640.49 7
473.49 -522.57 185
-635.00 -257.48 30
-732.23 851.37 7
636.40 643.73 40
-389.69 445.78 158
-361.80 477.95 63
-53.07 624.20 193
-615.53 899.84 199
-666.92 535.63 31
18.52 591.05 139
540.76 -26.70 197
769.16 -459.64 200
-754.20 -195.29 120
-312.66 44.22 26
833.80 -139.74 174
121.98 -946.35 39
-556.20 -84.26 194
-322.61 136.81 177
674.79 -992.80 10
-223.24 187.66 73
-859.07 -996.64 45
175.02 -652.27 179
59.54 398.85 74
-915.59 -346.17 96
-495.47 -79.99 69
233.07 -52.46 67
139.26 -993.77 35
-567.19 819.39 82
-615.41 -201.88 155
-669.24 -932.74 129
342.39 -828.06 148
206.88 -424.79 188
-374.74 -133.58 54
-780.27 912.53 27
-202.73 -908.20 24
628.53 567.06 116
645.25 -542.71 19
-508.29 -191.44 55
243.20 832.58 189
-587.45 -22.55 197
976.01 -856.44 42
-693.11 766.05 54
616.69 -678.64 157
-823.18 45.93 78
-556.08 940.98 195
719.90 -747.31 186
501.94 746.70 173
-456.83 -484.73 53
684.93 515.37 160
40.86 860.77 179
631.09 -194.74 180
-132.11 -809.32 104
678.15 -669.55 99
669.30 554.92 127
-376.51 235.69 100
-461.78 799.98 117
-13.03 -324.56 59
-162.33 191.26 121
-849.54 73.89 127
773.13 341.78 35
-605.27 508.16 146
703.24 -7.60 197
713.55 68.64 187
-135.17 109.90 48
-377.97 -947.63 147
224.71 667.29 121
222.75 695.24 112
-199.93 580.86 21
-186.07 87.13 81
261.39 -136.69 141
-435.59 204.02 75
197.24 351.66 143
483.81 -136.14 130
333.11 -362.53 118
-656.12 -858.39 154
-502.61 -683.03 64
-397.69 590.93 197
-522.93 635.00 103
-8.58 -217.69 43
-653.13 -729.12 37
-482.16 421.49 177
-359.78 -337.63 122
-580.43 -92.81 15
109.04 -877.25 1
-603.38 883.05 32
44.34 342.39 191
418.32 -631.82 4
-558.28 913.45 163
870.17 685.66 18
961.24 -461.59 10
-24.14 875.12 123
879.45 -180.09 83
-423.26 -153.17 54
335.25 -763.54 169
-286.66 -557.60 54
356.12 335.92 75
285.62 -929.87 198
-308.33 570.85 150
-380.17 -65.65 197
-392.25 -184.67 140
289.71 315.23 138
767.08 -317.30 155
275.55 -855.77 18
390.36 -433.03 38
756.46 -503.22 167
-700.13 97.51 60
-248.88 -152.56 35
452.86 687.12 21
722.53 -749.93 144
-580.68 -690.42 106
370.22 -736.38 24
-799.49 818.23 176
-579.39 700.13 61
-931.46 262.00 165
-477.65 -632.68 197
-12.05 -979.55 124
-373.94 172.28 26
-98.79 -593.07 33
-285.01 -516.71 113
978.09 944.82 113
-289.77 -217.93 83
87.50 37.45 164
50.33 604.66 175
-494.80 -506.52 19
-911.56 -158.91 61
-531.48 574.45 151
316.08 -129.00 164
-120.46 -843.07 20
750.24 16.82 8
-504.62 499.68 28
-123.14 644.70 9
-429.55 -786.55 40
-441.63 -815.97 124
-609.00 -380.17 119
553.76 621.63 35
-293.74 -19.75 146
6.26 905.21 56
972.35 -649.34 185
-320.29 -584.95 153
828.00 -697.74 101
118.32 476.67 162
-430.34 -292.21 41
518.48 49.53 44
-165.93 -532.88 22
-816.28 479.66 59
-518.23 692.25 139
233.74 -197.61 37
-945.13 -267.13 112
8.58 771.97 106
-596.55 -242.04 38
597.09 830.62 3
-607.23 657.40 184
-624.07 -141.21 19
262.98 49.10 193
-378.52 19.87 35
466.41 -585.13 83
-599.90 -419.84 72
907.28 -906.37 174
-691.82 494.49 21
-303.69 289.41 36
-537.40 52.03 137
72.73 642.63 42
-305.64 224.22 148
-730.16 -469.41 2
-581.71 798.64 55
78.16 -659.84 115
388.71 166.84 164
921.87 760.98 66
-241.86 -985.66 63
678.09 914.18 35
-216.53 -617.05 26
-530.20 121.01 170
-583.67 891.29 124
513.47 -426.86 85
-870.78 -438.70 152
-960.02 -659.78 94
910.28 951.11 180
598.13 -701.71 22
-339.34 391.58 88
922.73 -78.34 54
-501.33 -681.75 144
-722.77 717.15 182
-39.46 222.02 74
994.14 626.76 23
48.37 -127.66 157
-903.56 246.74 7
-250.59 -559.31 192
-358.62 -551.32 97
294.29 -783.99 63
-981.93 -805.90 21
-711.11 -984.50 17
130.16 262.00 74
182.10 -602.04 40
423.20 -498.76 120
585.62 -366.62 180
349.89 -665.46 58
-19.62 326.46 93
335.80 -178.26 14
-417.28 -126.87 64
-123.51 -108.98 159
849.54 812.07 10
307.23 617.48 60
-471.30 852.23 112
-711.84 -85.73 137
555.59 176.92 14
398.72 -38.18 38
707.88 -217.08 179
-326.70 -627.31 8
15.72 -632.31 128
698.29 738.03 61
722.65 -123.57 36
-733.39 60.95 157
-636.52 -489.97 155
-188.88 918.82 33
513.84 -967.89 111
-847.53 241.13 175
-778.80 841.79 184
759.45 -383.77 96
