750 12 200
306.62 749.32 100
971.13 -727.77 91
-133.70 -37.08 92
-269.69 588.24 88
669.85 -300.70 78
567.31 416.18 57
-19.50 339.34 47
108.86 -110.51 43
876.22 -604.91 24
517.20 -994.20 78
-332.13 -2.59 29
-766.41 -644.89 30
-249.43 396.34 44
-528.06 164.89 120
-569.69 -651.42 218
312.48 602.71 119
-805.84 486.43 106
-744.93 -734.49 237
-212.68 -920.71 128
935.85 -757.56 153
-427.90 -739.31 146
-348.55 -688.04 82
-771.90 -954.47 31
625.60 -18.59 12
-848.51 561.39 103
-175.45 437.36 174
-817.38 108.37 101
856.14 309.61 216
778.01 -802.06 49
301.13 -298.87 252
-299.42 -151.40 15
-14.25 -544.11 155
-21.76 -609.36 135
458.97 375.29 146
523.91 97.81 257
535.63 300.76 128
-324.93 -626.64 184
-543.57 905.64 147
-757.99 -776.79 268
-745.78 933.90 152
-295.57 -405.13 288
-459.27 737.17 50
-783.38 -895.99 282
-595.87 -456.77 97
319.50 954.65 102
-327.37 -810.60 78
962.95 -263.28 166
-291.12 -675.59 275
-128.76 511.70 105
405.38 570.85 179
-324.32 -593.49 37
-602.22 -903.74 144
-147.56 -896.42 260
-45.56 -281.78 193
588.00 -637.07 117
-214.21 311.44 3
-508.29 312.97 153
396.65 -850.03 9
848.20 937.07 184
-174.17 148.96 277
-913.45 -781.06 281
-64.42 20.11 97
-394.88 36.90 299
71.75 -623.46 252
261.76 371.99 248
170.93 59.97 172
987.18 960.02 103
488.14 669.24 47
341.29 -572.07 135
308.88 696.77 177
-336.47 459.40 44
546.31 73.27 98
-979.13 -119.42 116
-747.92 533.98 126
-324.93 1.37 277
-957.95 -698.23 77
529.16 -671.19 57
-494.55 -615.83 60
222.21 -848.20 200
74.19 -450.18 170
-536.24 716.54 140
-163.91 38.67 158
-902.89 29.08 26
620.04 516.89 117
-508.29 983.03 213
624.74 -36.10 160
-551.62 -239.11 105
147.13 -676.93 6
-899.72 560.47 113
845.76 110.45 281
564.75 882.38 25
-303.63 -991.39 190
-414.53 157.14 149
614.06 -976.44 219
366.01 613.21 240
876.34 -698.48 62
-532.76 263.10 78
235.33 -558.82 29
288.92 951.29 158
204.63 -656.54 143
517.50 -184.42 217
-301.74 -431.81 21
254.19 519.94 231
-765.43 -940.86 92
-411.11 -537.28 46
-454.76 214.15 108
403.97 106.78 134
-95.19 858.64 120
-568.10 -137.85 277
-940.37 -19.01 23
-704.46 831.66 190
-451.58 358.44 183
687.92 452.07 215
706.96 -309.98 16
-759.51 880.25 60
-999.51 -189.61 162
245.34 -867.31 185
767.33 234.11 24
474.78 -257.24 13
240.33 924.25 265
146.58 295.51 183
-902.83 -957.09 290
849.30 -107.03 116
-993.77 772.82 149
233.19 -362.90 251
-43.00 -650.20 193
726.92 846.55 42
820.92 -533.25 271
717.34 -803.64 65
843.20 -553.94 18
-225.68 -463.91 188
-135.78 -714.04 24
-134.62 -948.55 286
-739.13 111.48 224
-664.11 -60.46 25
-868.95 -44.47 266
984.01 -885.80 162
376.87 -591.97 3
-923.40 -99.64 101
-687.92 -245.64 150
-107.58 -539.60 155
-512.80 -975.71 159
-417.04 76.39 33
834.35 -857.66 34
-927.43 631.82 103
240.09 -641.59 45
-392.62 955.50 145
499.74 595.57 33
-318.89 349.16 9
549.67 -473.68 68
-354.72 874.51 247
-841.30 -665.03 297
-387.49 72.30 31
-861.32 -516.04 154
531.54 980.10 296
-143.47 638.36 244
800.84 -154.27 3
647.69 449.51 228
743.95 68.51 232
889.40 420.58 2
-53.07 866.70 47
247.78 814.45 54
-898.86 -758.72 5
-791.31 771.54 186
-140.84 213.23 218
-304.48 -269.69 66
542.83 -684.56 49
610.34 -861.14 160
-405.68 -829.46 152
-234.11 -441.51 240
-321.02 924.56 73
146.34 842.04 283
588.00 -408.12 98
-997.68 -628.89 159
-203.16 249.00 125
-803.03 -393.84 283
959.17 -268.11 146
-279.82 689.81 86
11.69 312.97 101
640.55 -196.57 272
-820.61 -8.76 204
-798.21 -349.22 166
250.34 784.42 216
558.09 -911.92 128
-707.51 7.66 266
-979.37 782.77 270
753.53 217.51 287
-89.14 -885.49 182
871.76 -467.33 175
431.56 585.80 195
-214.21 -326.94 204
628.16 -976.38 187
-96.22 531.24 70
765.19 98.48 106
239.60 -343.79 271
-457.75 -612.41 118
-214.76 941.04 142
763.30 640.98 154
821.83 -692.80 25
609.36 -701.90 18
620.78 -470.32 141
-206.09 -79.01 223
509.32 -215.80 60
852.29 287.09 91
8.33 287.27 70
882.08 690.79 76
-38.06 774.71 54
464.03 -233.07 134
-498.76 -209.08 159
494.43 -857.30 31
579.94 73.27 258
508.47 -322.31 213
-66.81 -19.62 274
-983.89 -770.13 62
893.06 -836.48 184
656.61 -971.19 191
-206.40 -219.34 63
855.77 100.80 289
969.91 741.45 247
395.31 23.04 66
-157.93 9.80 225
116.86 834.35 67
533.56 -883.18 176
145.97 449.51 130
147.80 -990.11 82
773.67 -337.02 17
-527.70 -567.31 53
-268.47 34.15 262
742.97 -562.55 205
-712.03 -127.66 133
432.11 637.13 199
627.61 -565.29 93
76.39 -348.00 20
604.97 -436.75 7
178.44 147.01 112
-562.73 -432.36 6
455.67 139.81 288
-534.47 -534.71 101
-584.22 -858.76 236
-974.49 -45.75 95
665.33 409.89 155
-27.56 -11.87 151
-249.00 419.54 290
751.40 -225.50 211
947.75 800.41 180
-652.27 -301.25 66
-511.15 -234.72 178
235.08 314.86 258
535.14 633.05 166
819.39 412.40 5
947.69 750.54 285
98.36 498.28 222
920.22 -848.26 160
-425.89 -916.68 80
980.96 -81.21 93
114.41 183.87 43
-948.42 685.05 97
714.29 -314.86 188
-605.46 285.13 98
205.73 923.52 55
-356.18 467.70 179
-844.23 -734.37 211
945.49 89.69 244
727.10 862.73 179
786.86 560.53 90
405.62 -634.27 165
-390.24 742.85 258
-528.79 -525.80 81
44.83 305.34 87
154.82 989.07 119
808.28 899.04 182
-165.68 810.30 82
-769.89 752.37 220
-373.58 309.55 199
276.41 597.34 287
-420.21 962.58 214
-959.11 -502.30 133
614.00 -695.06 215
-734.12 405.56 223
636.83 416.43 178
-250.95 -631.03 23
-850.76 504.01 98
766.47 -493.88 89
-628.83 986.94 265
-872.92 -604.54 77
-263.53 33.60 105
434.13 -339.46 235
-232.76 25.12 283
-199.74 -498.58 105
-909.67 154.82 131
914.12 990.36 135
956.60 -419.48 258
-788.08 -640.74 117
-684.50 -525.32 259
-753.78 512.25 100
-467.57 -791.56 178
390.36 840.63 282
-535.20 21.27 216
39.03 -635.85 106
86.34 109.84 258
702.99 502.12 23
-585.86 -631.03 249
101.78 -339.27 234
405.38 -710.50 20
787.04 -455.55 41
991.15 -997.13 114
-779.96 914.79 79
766.72 -577.07 226
843.13 -318.77 297
294.96 -891.48 119
764.64 962.83 136
-232.52 -883.91 105
479.84 355.20 255
145.66 974.91 265
818.41 -668.08 19
127.29 -751.70 3
-703.60 -259.56 91
599.48 -801.87 210
-488.39 -13.95 101
900.94 84.14 40
391.34 966.43 229
467.82 874.14 37
-748.95 -612.35 32
-461.71 842.71 185
-16.02 2.47 226
-221.72 -34.09 17
-468.86 814.33 262
230.51 410.99 296
-662.40 640.31 200
114.17 35.31 265
-985.29 866.02 43
-22.55 889.95 143
169.90 -989.20 72
770.44 -475.45 44
571.15 -898.31 222
816.34 659.17 71
-260.23 -925.23 246
-336.47 776.85 13
-41.47 742.48 74
-352.58 649.40 143
797.30 -477.71 257
933.04 982.12 182
-161.96 -622.18 95
95.37 509.32 1
584.40 -479.05 50
171.48 236.55 213
-192.05 -385.85 218
-157.20 354.23 64
74.07 -251.26 38
-778.74 902.71 196
144.75 601.98 293
-125.77 784.23 83
-365.22 149.82 294
-524.89 -542.16 287
-61.74 379.07 205
-932.49 859.92 178
309.06 849.91 202
-382.06 -981.99 226
-690.54 -31.83 92
570.97 721.79 151
891.84 -330.06 48
747.80 -274.39 195
397.56 -834.22 299
-598.07 542.65 226
-2.17 674.86 163
812.98 -812.31 219
803.89 959.84 246
-292.64 498.64 40
-695.36 -805.66 60
-696.58 152.20 200
180.70 513.60 262
-880.06 -552.05 217
-841.36 -245.22 284
133.27 -389.45 76
-348.31 -345.87 140
651.30 -996.40 201
732.17 357.83 230
-348.06 513.11 140
752.43 801.57 208
-443.77 688.89 136
-81.51 -455.12 75
-277.50 285.50 31
-422.96 -722.77 69
-391.40 861.26 289
-846.74 -316.02 231
803.22 -666.80 236
820.80 -71.26 281
223.55 -905.51 235
348.80 916.62 294
970.70 -277.69 254
-597.03 -991.58 144
865.66 704.76 129
-871.46 -797.42 207
-177.95 -777.34 107
360.94 -756.46 284
179.66 -891.60 157
-448.47 899.90 243
-806.39 902.83 227
699.88 -964.84 228
281.11 700.19 108
-489.49 -683.22 150
-366.99 -537.46 22
-111.97 -276.41 209
-355.20 -62.65 60
-4.79 -324.87 70
563.16 491.62 104
683.71 -142.37 241
-971.56 -680.65 148
405.01 -79.93 25
-925.17 -158.73 115
981.20 405.32 83
-131.26 -50.94 167
-899.29 -184.18 172
-713.80 -702.87 246
364.79 -156.59 118
-411.97 -636.59 104
-618.15 -236.30 272
-794.61 -259.93 29
56.49 -936.40 166
-752.01 321.45 278
77.24 -219.70 33
-964.90 -17.37 4
-53.99 -967.71 99
-10.77 -763.66 164
936.16 73.70 20
-143.83 469.28 16
-609.36 -858.27 151
-307.17 -59.60 143
8.21 -345.87 49
626.82 26.83 180
-528.55 -809.32 287
302.71 -531.66 25
-801.32 418.13 148
436.87 853.94 147
-605.46 930.78 225
-755.12 -451.34 36
-812.74 -857.78 92
-47.40 -64.73 166
724.48 116.79 61
-617.36 489.18 60
-102.57 824.46 298
990.54 70.10 33
136.45 999.21 256
943.91 -855.89 190
-295.69 -188.88 64
158.06 700.92 138
376.51 194.62 88
-141.27 -348.25 254
-431.93 146.34 186
-502.30 -269.45 189
115.45 -126.87 242
-54.90 628.10 118
-718.92 -418.87 75
72.66 515.31 245
385.36 -800.65 137
-621.39 -494.37 59
15.23 681.14 235
-568.47 -779.29 223
285.07 -34.64 232
886.41 -296.00 215
357.65 -531.60 168
889.34 729.30 193
-356.43 -648.30 170
99.83 -679.86 153
22.98 -963.07 27
-437.79 284.77 125
-673.33 -244.48 100
-494.37 -974.36 5
427.78 577.44 13
-905.94 -935.91 167
877.07 622.43 91
432.17 -141.76 228
316.45 -749.93 18
11.69 861.32 163
172.77 219.46 79
507.68 595.81 31
-374.80 -657.22 292
-353.86 72.48 139
793.39 287.33 59
-970.27 -600.45 133
-228.00 151.65 11
558.52 169.47 121
-219.52 -491.01 270
-318.52 -585.62 126
-440.47 -978.33 60
-593.07 849.12 44
-519.88 731.93 93
-966.67 -986.02 90
878.90 985.35 141
-807.67 -954.95 208
155.06 -118.08 71
267.62 377.30 95
-597.95 -563.95 240
820.55 -8.09 211
-946.41 -494.13 18
562.55 -914.73 26
449.69 -725.64 126
918.70 -473.92 249
623.40 881.16 299
-424.97 424.42 116
-778.01 964.66 117
-157.32 -186.80 71
-442.98 -372.05 16
-542.34 -915.65 284
-418.74 938.66 87
813.72 -311.14 232
-642.81 764.76 119
-151.28 -61.68 243
571.89 785.27 30
121.01 -200.11 44
109.04 140.60 134
272.38 592.58 115
866.21 662.04 225
-671.32 -265.97 181
146.76 185.71 258
-613.57 -607.23 296
324.08 -632.92 181
-575.79 -674.73 234
-697.74 914.55 5
-484.48 -424.60 77
852.96 509.38 157
-155.00 -677.48 34
423.93 121.31 155
-93.72 -749.20 62
-243.75 -787.35 293
322.31 -390.67 181
851.56 -296.37 35
-856.50 -94.15 50
-242.47 793.94 89
478.50 161.35 202
536.18 53.07 101
163.49 -886.41 107
887.87 -149.82 40
-884.21 930.05 145
492.42 -550.58 184
302.53 137.73 32
424.05 -805.60 279
134.37 -160.50 274
269.45 396.34 254
-181.92 118.56 31
65.34 -924.38 161
-984.25 -916.01 213
129.73 -164.04 115
-679.56 -470.81 211
535.63 122.23 172
811.82 914.06 40
622.00 -820.06 121
-448.35 588.06 279
798.82 445.05 253
-426.80 -902.28 14
-764.03 -905.64 231
-50.51 -683.71 80
75.53 338.54 143
158.67 -753.90 78
827.57 976.07 118
-565.29 927.61 152
-152.56 -983.40 144
359.05 188.45 248
-500.35 57.65 53
-142.12 -763.73 76
38.00 821.71 229
276.28 -413.43 110
628.96 79.56 32
-456.04 -225.68 240
555.71 -656.97 107
893.55 -25.30 254
723.69 465.19 38
-627.61 -699.03 20
389.14 884.09 106
773.92 412.27 9
-198.52 -61.98 170
829.40 -604.30 193
-560.84 -286.60 293
826.11 -62.11 43
-25.97 -482.53 164
470.50 820.31 4
-722.10 539.66 67
73.58 11.69 282
926.39 831.29 25
231.30 337.69 83
20.48 645.68 141
365.15 132.85 49
-21.88 681.26 296
22.37 675.77 263
-502.73 -879.09 259
964.84 -178.93 3
-585.86 -198.83 70
47.82 -676.93 225
-84.63 -371.32 256
957.52 -851.44 219
772.94 743.34 295
-716.73 843.87 292
194.74 146.21 297
409.22 -989.75 85
778.19 831.17 290
-448.04 400.31 37
-831.60 114.54 293
218.18 -680.23 61
603.93 -883.97 84
-364.36 -830.62 300
-166.60 436.81 279
-404.89 318.89 274
-842.10 -724.11 36
858.64 -658.38 86
-160.74 760.61 123
-889.95 -812.68 190
73.15 -608.26 238
581.35 -610.83 56
403.18 -515.98 194
242.53 -858.33 44
-907.35 541.43 40
-957.95 -708.49 140
838.13 921.57 163
-626.21 -790.77 67
-462.20 -852.90 252
-16.33 405.13 102
881.47 -933.10 106
-842.52 -134.68 86
544.72 -985.96 100
502.91 -334.64 265
12.24 392.13 253
-792.90 721.79 71
-241.31 -1.62 219
559.92 808.04 61
-55.88 -881.41 113
-963.07 -546.56 88
-827.14 -759.15 56
-414.65 297.71 8
-518.60 -601.37 295
-805.23 150.36 163
-201.39 -94.39 16
623.04 650.75 100
-73.64 -155.74 214
-476.61 283.36 253
-144.08 -641.16 296
-555.59 840.51 91
224.10 841.67 62
488.27 470.44 113
170.69 -272.32 221
-925.72 471.72 266
33.91 87.80 209
509.63 231.42 178
-533.86 774.77 187
-836.85 -587.94 106
-86.58 787.90 130
-764.70 -81.70 99
-763.05 26.76 243
645.44 -431.56 145
803.70 -50.57 183
-306.74 9.19 150
892.57 94.82 243
-880.31 495.04 80
2.84 -787.41 40
-740.35 -47.58 112
856.99 123.08 203
-609.73 -479.05 53
-185.09 -347.58 97
381.69 -250.40 158
314.49 -695.55 122
604.66 85.06 155
62.53 991.64 195
990.91 463.97 287
-714.22 -600.33 31
427.72 965.15 88
649.95 660.70 199
-453.60 842.40 13
-275.00 197.97 5
-312.11 89.14 207
-635.24 -856.44 242
643.85 237.89 205
-677.24 856.93 292
-66.62 -383.83 242
-894.83 -954.28 69
128.15 -979.55 116
704.40 -941.89 94
-663.69 -25.91 129
-279.58 322.24 263
-351.54 663.93 238
-290.14 917.36 244
-618.03 -457.87 280
652.21 -896.05 63
-408.86 695.67 140
-556.63 -414.23 77
-219.34 -335.00 270
-435.59 558.46 276
329.63 697.50 149
-219.89 -519.70 228
39.58 -312.78 15
-851.50 -776.24 178
728.08 544.66 89
-983.09 79.99 56
-867.31 -306.38 36
-707.94 -747.61 195
-163.55 -929.44 194
-643.97 226.72 117
-294.47 -354.66 40
798.58 2.84 155
714.59 345.07 235
907.28 867.12 201
252.54 596.85 297
-155.31 -583.97 120
322.31 -247.17 86
-101.90 -826.53 260
-295.14 683.46 132
-635.49 615.16 1
414.17 -938.84 104
-222.33 -19.07 5
-134.25 -434.92 114
545.82 164.83 276
-625.54 662.28 143
903.20 -521.47 25
130.59 15.17 35
627.67 -571.52 285
-67.29 179.97 176
-504.32 -907.96 160
-69.49 340.92 155
186.74 -539.60 209
693.72 -373.64 186
-447.07 495.35 297
-664.54 323.89 195
98.67 871.21 51
423.26 297.22 118
406.72 -311.99 138
-744.99 367.05 202
-637.01 -897.58 119
-976.13 -407.09 112
-387.74 -922.42 190
-325.30 536.55 273
-20.91 549.85 109
140.54 953.06 218
-142.67 -497.60 94
-635.55 -814.63 147
59.97 -29.08 99
-668.14 -908.93 279
-422.16 -866.15 162
-502.30 -153.11 24
-627.98 615.89 69
745.96 -281.78 145
-31.28 -805.05 71
618.09 84.99 19
488.63 -481.73 268
237.16 -57.71 243
76.27 -567.55 248
-609.42 989.01 215
-256.81 -616.63 25
-138.04 530.08 33
660.27 -718.92 226
576.65 -999.39 52
-828.00 -488.20 240
-308.63 220.98 29
512.99 -344.10 44
668.14 760.55 221
-368.33 -804.25 81
-123.08 -721.85 35
-77.18 -688.34 227
619.68 661.49 292
280.68 25.54 273
908.26 465.93 164
970.21 705.80 94
116.06 -203.53 141
611.13 543.38 89
999.76 640.37 243
