750 12 300
-657.77 -697.38 69
812.25 -10.96 88
218.97 -317.30 92
543.14 -859.31 74
-644.40 -742.85 66
983.34 -407.70 47
500.35 430.22 21
564.56 168.98 35
872.80 -585.38 37
-977.54 746.15 57
-539.41 147.68 65
-877.44 -654.84 12
-199.07 563.89 6
224.10 777.64 294
-175.39 991.64 399
585.50 -373.70 63
860.47 -117.16 289
288.86 -565.17 195
-365.03 868.34 384
-275.55 775.81 47
310.04 -487.66 364
-9.92 639.33 294
-473.62 361.13 303
-438.76 -428.94 80
-683.34 -803.46 360
436.93 445.54 4
-137.06 68.15 355
907.04 937.19 274
-342.39 -72.85 400
-627.25 -104.59 209
-73.58 -212.32 59
529.89 -806.27 137
441.63 528.98 14
-53.07 454.57 248
342.69 -11.51 21
-110.87 -397.56 182
-462.45 124.97 79
395.49 718.13 375
934.32 -997.01 155
-626.70 -596.97 244
397.44 416.79 39
70.77 73.40 397
-814.26 380.72 82
-20.36 524.77 118
-38.67 719.84 119
255.53 7.48 326
-490.04 -161.29 324
-627.74 -838.44 240
332.07 -310.22 205
-800.59 746.57 213
502.91 248.27 317
257.30 397.75 179
-93.42 677.48 12
-183.45 -85.24 116
374.13 93.23 389
10.90 -928.16 205
652.33 650.81 253
-520.25 900.39 393
-259.80 -160.92 77
-499.92 -933.29 368
-784.78 -379.86 213
350.69 -384.08 250
-30.49 -350.57 124
31.22 212.26 113
547.59 505.23 25
-317.91 -658.74 387
264.75 887.75 76
365.46 989.50 165
-257.61 381.27 174
530.63 335.06 213
-328.35 841.67 48
738.21 222.75 312
763.05 -959.29 5
317.12 -95.80 177
-799.25 -892.57 200
-180.52 -52.58 142
-245.64 -189.92 134
-328.10 -382.49 101
250.04 -927.55 119
-446.03 641.29 13
-376.57 556.93 12
-996.77 -648.85 359
515.55 932.37 163
-183.32 -993.77 123
-422.59 -173.50 273
-774.90 854.06 272
-421.37 -319.25 15
-176.92 -510.85 277
306.13 45.01 330
83.71 519.64 203
-644.76 509.81 309
230.08 -272.87 399
496.02 725.70 325
518.05 53.38 175
-402.69 -942.08 120
866.70 -892.51 99
-635.43 -382.43 129
493.88 720.88 297
-368.94 942.56 56
30.30 627.49 36
901.24 732.54 95
747.73 -133.52 349
522.45 15.84 165
287.51 -757.19 242
502.30 -811.64 119
-121.86 -611.50 399
854.79 -219.46 57
715.81 891.96 116
-310.71 -193.21 397
-777.15 859.31 285
307.90 -596.48 241
524.52 -616.87 353
-404.52 -598.32 356
957.64 976.87 207
225.14 763.91 267
-7.90 -666.74 47
910.09 -302.65 227
-144.02 36.59 83
-643.79 -25.30 358
-342.63 343.85 16
967.10 812.25 199
146.70 -890.50 370
-36.41 -185.83 37
-298.14 603.56 122
-334.57 247.17 360
-94.45 615.47 167
479.23 504.75 389
461.47 -896.36 70
909.97 -685.23 368
420.76 -22.25 114
-99.89 -722.77 33
4.24 654.65 12
-742.36 -52.10 216
968.02 -951.78 40
109.10 157.93 19
-287.70 890.56 13
460.37 -175.94 293
433.15 988.71 109
-690.66 415.27 350
-195.10 -550.46 64
-412.21 744.56 242
220.31 -703.36 116
759.39 -895.32 248
-259.56 517.69 242
-578.60 204.14 31
-117.71 664.11 391
-3.57 148.59 397
-564.68 923.22 152
804.44 -909.85 281
-88.23 354.66 243
735.77 -611.32 33
236.00 969.48 23
-363.38 -551.93 139
-870.91 -211.34 22
632.98 48.55 5
-417.04 193.40 23
201.64 -749.50 6
-893.55 -977.78 156
-902.77 44.10 141
303.38 -762.75 19
-486.98 108.13 220
-936.16 -191.44 102
342.94 -421.00 32
470.38 21.58 276
367.90 858.94 242
-324.50 -71.26 252
-133.21 462.81 225
765.98 -594.47 382
-205.05 974.73 214
-776.24 479.60 213
-461.41 -410.93 61
-714.53 524.16 172
584.28 720.63 238
538.74 806.15 276
-507.49 11.44 38
720.94 987.73 248
587.21 6.68 339
159.76 765.86 102
6.68 54.78 367
-139.26 133.03 302
-527.21 867.85 269
157.57 -987.24 89
-441.51 -101.23 56
343.67 512.01 146
-371.20 -489.24 80
53.93 988.28 144
243.81 71.87 171
603.32 -193.21 254
895.08 864.25 6
-723.32 -693.41 341
745.78 -707.27 391
-57.28 357.59 17
-183.94 -428.82 78
-413.19 222.69 77
43.00 97.32 332
674.37 491.56 341
-899.41 359.60 373
-83.53 868.77 290
43.06 -312.23 104
-735.65 840.27 256
-23.71 -270.49 115
-945.80 948.67 174
329.26 442.18 65
418.81 -168.00 189
-874.63 -105.38 9
615.22 -423.32 52
-791.92 -478.26 243
-952.64 -451.40 252
891.17 914.37 297
-265.30 947.75 19
245.58 13.21 219
45.26 132.11 360
440.17 -44.34 357
-79.01 -472.03 366
478.32 -956.48 84
827.51 -70.04 184
570.06 -379.25 60
-493.33 451.89 6
-511.03 -694.57 49
555.47 -433.70 168
-151.22 279.09 369
134.31 -186.32 361
-468.31 -570.12 124
992.31 -873.96 57
773.61 340.31 382
715.63 541.86 319
-103.67 -355.82 398
924.19 640.25 22
-363.02 -593.55 137
-700.06 541.61 371
-302.04 152.62 143
-914.06 -940.79 25
787.16 240.52 308
291.18 795.83 111
280.31 677.24 383
-471.48 -98.06 302
970.58 488.75 314
-550.77 109.71 204
-580.74 596.12 197
363.87 768.30 118
444.07 94.58 264
114.47 187.78 248
515.43 117.10 8
-171.91 902.46 191
543.87 -658.68 234
-907.71 -270.06 121
961.49 -75.90 172
597.09 -5.65 50
399.27 -538.74 296
-364.79 -764.34 209
873.84 -266.76 174
294.35 406.96 381
478.26 748.65 399
-39.77 -798.76 2
374.55 -802.91 290
-872.68 16.94 242
-347.33 114.17 211
738.88 -599.72 325
611.38 -405.93 44
590.50 -144.20 32
-529.47 -981.44 389
-2.78 -66.81 214
704.03 -260.29 302
171.73 -260.17 161
322.67 -278.12 17
863.89 -266.52 2
-196.57 559.37 193
0.95 75.23 325
-808.59 787.65 267
602.83 -780.69 36
451.77 -242.65 374
377.00 -973.02 125
-330.73 -222.57 378
368.94 776.42 252
430.95 -977.78 46
111.18 -761.59 122
-66.13 75.29 20
124.00 -239.23 81
-713.31 -796.08 248
624.74 -711.42 7
-632.01 -222.21 283
150.00 -291.67 378
716.30 -98.42 331
-262.55 76.39 276
-488.45 -411.36 360
-402.39 439.50 183
-993.90 898.80 51
85.79 -683.22 293
32.99 -345.93 295
-492.42 744.93 21
709.16 -116.00 112
106.42 338.97 347
-592.46 277.50 146
742.18 341.78 114
-253.64 -106.17 141
524.95 371.81 49
990.60 450.67 274
264.02 786.49 14
-877.25 916.20 190
284.77 505.78 42
172.34 -861.57 82
200.42 31.83 356
-556.32 -908.99 381
855.77 517.75 138
-697.38 -744.74 21
-869.62 316.75 183
-580.61 -53.13 198
858.88 747.00 114
72.54 -729.85 299
31.34 74.92 144
545.52 -890.87 208
-54.96 208.78 368
40.19 378.58 95
324.02 -448.96 55
-853.39 919.43 62
-135.23 -865.47 166
989.32 177.71 212
452.25 811.09 368
-28.96 401.47 199
-332.26 -875.30 249
-193.46 783.68 304
435.47 -165.14 121
523.24 -986.51 258
967.65 -897.21 46
-433.39 327.25 121
831.23 -621.69 273
322.49 -377.67 261
211.58 257.30 129
-488.88 -233.92 126
-454.27 292.28 139
274.88 -862.24 159
-108.80 159.76 166
-390.00 -49.10 264
929.20 -13.70 180
345.74 245.03 99
-368.39 -754.14 164
392.56 883.24 290
593.68 -275.73 385
720.51 671.80 279
-901.97 -152.44 94
-265.24 101.41 278
391.83 -560.41 349
641.53 -571.58 253
-344.89 963.38 292
-707.75 134.13 282
992.68 -242.59 145
107.82 458.05 226
718.86 954.10 234
264.32 -43.43 106
492.42 -88.78 261
626.09 -865.60 229
-263.89 -647.57 360
-822.08 389.26 55
498.46 -758.05 231
199.50 44.65 393
-267.92 -26.83 370
-621.14 374.37 319
123.26 966.06 234
742.48 -504.93 29
-639.94 511.22 216
916.99 69.98 62
-674.18 -99.28 225
-891.05 -823.05 234
-606.01 816.10 177
513.84 -302.90 181
38.42 834.16 300
-78.89 429.85 239
598.80 -970.89 132
299.78 78.59 89
516.04 -772.94 258
-613.45 -459.82 329
918.03 -227.82 87
-992.07 -193.27 95
-654.29 934.39 144
291.12 -487.35 119
914.79 -426.68 124
313.21 977.54 341
553.94 633.59 177
-644.83 751.46 300
-595.51 -280.01 57
2.29 428.82 260
248.88 -352.28 206
-859.31 89.33 341
216.22 -276.04 327
664.36 419.48 212
235.21 850.58 313
-303.57 601.86 45
20.48 -411.91 62
-411.97 -312.11 143
-960.39 -659.17 181
128.88 -355.69 349
161.41 60.64 79
553.45 826.84 186
-216.59 574.33 280
-713.43 -451.34 73
429.43 -934.08 322
-794.55 911.86 97
-659.66 639.39 180
-254.49 418.38 121
-286.29 -501.94 17
697.68 -678.52 2
217.44 365.58 194
282.27 -542.10 69
-529.34 565.17 85
-707.94 -313.64 348
-404.40 -48.68 81
-976.99 275.61 276
946.10 -127.78 288
604.54 -95.55 280
968.32 -201.76 302
456.59 596.00 54
89.33 429.91 314
181.19 -839.78 216
814.87 240.76 20
496.93 -179.66 271
-904.29 -224.04 368
-904.78 -114.35 79
-253.21 -142.67 21
785.21 872.19 198
515.98 -601.67 395
250.22 -400.56 256
564.32 -948.97 138
416.73 -235.15 30
868.89 -354.59 301
78.10 563.40 10
660.27 587.82 232
281.90 -669.30 84
-303.87 313.33 210
-680.72 192.11 67
-790.64 -221.66 324
207.13 546.13 234
995.48 95.49 244
-427.90 154.33 325
580.07 -7.05 9
84.87 -106.78 210
970.34 -916.62 111
-700.49 -896.79 166
406.60 195.04 88
-821.28 193.21 238
-966.31 -494.06 391
-19.81 973.02 219
-241.37 182.53 127
792.47 -649.53 71
3.27 893.80 150
91.59 -220.68 79
-153.90 223.06 29
489.12 444.32 60
425.09 857.60 315
-387.25 861.45 207
696.77 771.60 133
-950.93 -394.94 157
964.11 -332.99 208
734.12 -497.05 249
243.57 957.58 369
353.68 -885.86 215
-201.51 -182.23 315
-538.74 869.08 294
-739.49 -471.30 138
-618.52 163.12 98
955.50 774.41 152
-198.03 197.67 213
582.51 940.18 213
506.64 711.05 264
525.56 76.69 21
-778.62 -817.87 297
48.86 274.58 208
-715.87 876.83 248
693.90 996.52 253
-944.94 -517.44 69
-393.60 -317.42 301
-88.11 -695.97 348
524.89 -66.93 57
566.58 -696.28 54
10.47 30.06 254
-444.44 936.46 23
-561.14 -265.79 341
336.47 -23.04 16
-439.01 439.74 66
-275.80 -359.72 115
316.93 130.41 15
-328.47 483.14 93
311.14 -584.89 16
-115.70 112.64 376
172.89 -530.08 374
-279.27 855.04 307
186.38 233.62 114
-500.35 511.89 352
-671.38 942.50 1
985.66 395.67 37
450.91 296.98 340
-315.53 248.51 395
-968.99 -521.96 157
912.90 -349.28 13
959.29 -873.78 397
657.16 373.52 77
448.04 509.63 235
256.39 72.42 71
631.09 688.59 221
182.29 -998.11 400
980.71 786.25 201
-103.73 312.17 208
-414.96 743.58 328
-811.15 -790.77 23
829.22 424.67 160
802.73 -920.22 192
371.68 897.03 306
-248.63 -162.39 271
-249.00 386.33 94
831.35 -493.45 389
740.17 48.62 204
-378.40 650.01 348
946.71 568.53 133
-961.42 949.46 177
-621.39 922.24 30
499.19 269.33 34
13.09 695.18 165
-796.14 -825.31 278
-935.91 365.09 117
227.33 340.50 258
-99.83 -803.34 390
-753.59 857.60 225
660.57 -895.14 175
102.57 352.09 343
-190.83 265.54 200
223.79 -664.17 244
401.72 -349.53 373
-515.61 556.57 1
969.54 274.64 190
-399.64 -444.93 343
-103.49 25.42 169
894.16 -575.55 1
-767.51 -252.85 72
472.95 -857.72 129
-704.76 20.11 385
-211.52 -927.61 213
-581.10 64.00 385
-559.98 -453.23 290
-947.26 -347.94 163
197.73 -899.53 390
-642.75 -902.40 218
804.25 184.06 52
726.98 519.94 257
413.31 277.69 175
552.11 958.68 181
-206.46 -478.44 179
250.16 -260.41 55
-85.30 512.19 256
-582.26 43.43 148
489.73 43.49 170
110.63 -849.73 66
-278.30 544.66 20
16.63 570.24 226
-848.69 -968.38 80
-118.75 -522.63 36
-640.25 -198.52 399
238.50 -209.33 354
618.88 100.31 242
-465.74 139.44 374
626.70 -154.45 203
358.93 64.61 375
489.30 -577.38 289
977.60 388.16 397
-653.19 -137.49 307
-86.15 -13.89 357
747.55 -414.23 302
252.17 466.78 96
-697.99 -380.47 240
-171.42 -252.72 71
-457.50 -987.24 244
-173.31 476.42 329
-475.02 333.90 148
-262.49 928.22 352
795.77 -112.16 391
-572.92 -363.75 379
-856.32 890.01 149
-566.64 -100.19 86
328.47 523.30 395
839.47 -373.46 98
964.54 -159.28 396
382.49 -972.11 91
196.75 -894.53 23
-877.74 700.19 354
-19.62 631.89 126
243.87 865.41 238
-79.44 757.26 75
-332.80 251.87 105
-7.23 486.80 170
330.36 -480.27 227
295.02 853.76 238
-455.98 532.09 6
534.47 388.53 19
947.87 384.87 126
471.42 530.01 93
569.08 -807.67 271
-719.84 597.03 127
551.50 422.59 102
-5.16 -682.12 96
533.43 -649.34 93
133.34 -860.84 32
-344.58 182.96 136
486.68 848.51 398
28.84 863.58 268
176.00 -290.75 162
-565.66 -249.43 169
658.86 558.89 116
-691.21 -507.07 400
-330.24 416.18 358
-46.54 -196.33 160
-652.03 -659.23 1
622.49 -345.07 394
294.53 -183.08 285
-34.70 -25.67 99
256.26 67.23 164
458.05 -562.06 283
-186.68 -328.17 73
-789.73 -303.20 370
-913.21 936.28 57
-864.99 -421.74 24
350.69 860.71 384
-841.61 -268.35 354
761.47 568.22 226
180.46 -920.29 255
471.11 -104.16 289
-869.69 -446.64 395
-592.39 794.79 18
928.28 -834.04 121
246.44 471.11 123
-265.24 788.45 227
802.42 76.51 207
779.11 251.32 113
-501.39 -517.44 347
559.19 -108.07 380
-38.61 -513.17 40
557.18 -380.23 164
406.23 -39.52 103
52.71 249.79 140
-440.90 200.54 35
-597.09 497.73 154
660.88 347.94 24
537.58 894.41 28
-130.83 422.83 348
637.81 208.96 324
363.20 565.29 348
286.97 20.84 36
-88.17 697.74 91
-960.75 99.52 262
843.26 296.91 187
-393.23 491.74 213
495.41 -467.09 388
964.05 919.00 23
595.14 -61.74 121
858.88 -482.41 7
840.02 278.54 260
-244.42 346.54 8
512.25 -359.48 190
-637.01 -299.60 180
-528.79 -803.09 377
-124.97 349.59 193
-389.75 890.56 178
-884.46 -371.81 181
-929.93 -338.24 227
191.81 -939.15 2
-573.23 63.14 283
261.88 -792.23 156
-31.77 423.57 201
-127.84 863.70 361
283.43 383.89 395
259.99 -76.57 66
-25.54 878.84 318
-697.32 -629.38 319
-400.98 -260.60 277
-326.52 -791.56 34
-778.37 -719.41 69
-513.47 985.47 105
-558.46 772.94 192
530.50 -881.95 133
-280.31 828.49 322
349.83 -266.76 172
-494.98 701.96 303
186.86 490.04 144
303.93 -425.82 306
-604.17 -951.17 192
700.25 -702.81 318
630.54 781.49 123
664.91 -918.21 221
-856.14 -791.13 328
-454.02 458.05 1
164.77 768.91 68
-851.99 -221.17 154
791.68 96.22 129
549.06 -176.37 57
-591.78 298.75 180
10.28 -63.45 371
536.79 -16.02 346
759.15 -143.04 344
548.33 276.53 128
821.04 216.77 26
-3.20 26.40 227
-311.99 838.44 183
-213.72 -918.45 387
-304.48 722.04 59
-836.18 -855.46 345
778.62 -792.66 148
-88.47 595.20 233
-952.57 487.90 308
-667.71 993.65 369
-386.88 -310.83 145
941.59 29.27 191
-451.58 353.62 274
436.14 -300.09 3
-953.67 644.28 90
-233.56 743.83 218
982.67 -850.58 61
234.66 55.33 41
452.56 -922.42 327
734.61 239.54 70
-317.12 137.73 389
-217.57 855.71 121
-726.92 746.27 370
117.28 514.21 321
-763.60 -354.47 381
623.04 -928.65 160
52.40 -198.83 186
389.63 969.54 103
147.86 826.23 56
141.64 -462.45 271
-850.58 -597.34 264
-734.49 -943.42 79
-853.69 486.98 340
516.46 -148.35 218
312.85 -254.62 161
-575.98 846.80 166
-174.66 -78.89 52
-295.33 -835.38 223
-693.47 930.97 270
-135.53 716.06 266
-698.84 -319.13 17
-98.91 555.28 244
773.92 -873.78 55
828.18 330.12 106
579.21 -770.38 258
-92.93 -327.13 21
-472.82 -556.38 118
-776.18 117.89 108
-685.72 -589.59 378
847.16 -661.67 76
-548.75 -17.85 154
494.80 -579.39 48
653.37 668.45 67
-329.26 788.51 98
206.76 465.62 186
-135.47 504.14 20
847.29 964.54 170
-123.63 -746.94 373
922.67 -83.65 236
899.11 622.49 263
-679.80 318.40 122
-103.55 551.38 11
-935.97 801.32 85
323.34 -680.96 306
-116.86 -82.61 204
579.15 395.55 151
