750 12 400
-336.65 88.78 99
-971.80 -845.94 72
779.41 729.61 72
205.91 -911.37 68
-897.70 651.91 84
207.62 -954.83 82
249.92 -441.63 99
481.49 -695.36 9
632.31 -541.49 81
560.96 408.80 14
-694.33 -524.40 27
-66.01 -361.98 39
-179.78 -17.55 266
-499.98 -710.50 438
394.09 571.64 368
162.57 -389.69 124
-892.03 -724.05 229
297.34 666.01 23
-352.09 -41.41 157
-629.26 821.22 343
-327.37 -860.84 100
113.01 119.17 496
-596.18 965.82 140
621.63 -68.15 450
-225.50 -175.08 35
838.56 -948.00 407
677.36 463.55 273
-746.09 167.39 409
-218.30 -283.49 251
-306.19 647.33 120
282.82 253.52 369
895.26 -973.27 464
-942.69 -585.13 453
-483.69 751.03 239
285.62 -536.79 429
510.85 886.78 467
897.89 -325.60 319
-321.27 869.32 100
473.31 -118.50 124
-75.35 188.63 120
709.40 -377.00 440
-426.98 -534.04 152
-466.05 -826.96 74
250.77 -106.36 166
-389.63 705.56 142
-401.59 748.47 243
-370.34 -90.18 146
672.66 896.05 233
646.90 786.68 195
-409.04 -870.48 162
51.06 -644.64 53
6.99 -919.68 416
-191.14 -147.74 340
-368.14 552.11 125
642.02 -58.26 261
491.07 -289.22 158
-964.78 -254.74 132
-827.81 865.11 44
681.57 -625.72 73
229.16 -159.70 244
-606.19 -625.78 308
-588.43 437.42 218
-90.61 303.57 90
-262.25 426.37 154
-374.74 -167.33 158
868.34 -802.36 430
-615.28 500.60 69
-974.79 841.67 385
237.53 865.17 32
-921.81 -712.58 62
863.40 -525.99 386
644.03 -533.62 292
338.72 -880.73 375
360.09 -485.21 72
382.79 466.05 101
-846.19 -949.46 94
-604.72 -379.92 231
584.95 796.93 244
741.39 -235.69 439
431.50 533.01 315
-895.57 904.42 389
886.96 777.52 327
559.37 268.47 212
-733.45 4.85 249
-433.76 -747.06 366
-747.43 808.34 373
610.16 -752.62 139
679.49 505.36 57
944.64 458.05 26
-72.97 -518.85 485
-892.27 -773.92 482
-600.21 -662.89 342
804.13 563.16 406
-426.07 -102.15 211
639.39 -61.92 266
942.20 588.12 374
309.92 13.46 174
126.68 866.70 343
429.61 282.51 41
717.34 -451.40 359
-521.65 653.31 363
-731.32 -788.81 237
624.74 222.27 18
615.83 709.77 288
666.13 9.37 490
480.09 -619.01 225
283.30 -438.95 353
-497.91 32.20 500
485.09 296.12 484
-411.97 -450.42 108
-238.20 -462.94 493
-944.15 -828.97 466
-670.03 581.77 293
-241.07 388.71 350
-817.80 170.02 386
-601.18 346.17 18
707.88 -448.41 143
-130.77 -294.29 346
-330.97 -699.70 367
-55.76 -456.40 399
-445.23 -693.53 306
192.42 -867.92 371
-956.66 256.63 387
-94.03 737.48 330
-271.10 -365.70 132
340.50 49.65 224
661.61 90.12 146
-93.66 818.17 302
-133.40 -808.83 233
-603.56 942.93 307
-914.18 -687.67 175
-882.20 -84.75 117
-210.30 -969.36 28
-824.40 -635.24 146
-725.52 -925.23 464
-621.51 803.03 218
650.26 917.72 399
553.70 702.81 470
979.13 727.29 146
716.91 74.31 252
-997.92 -134.19 54
-201.45 933.90 219
-963.81 -307.60 254
-275.06 772.70 110
-15.05 -666.07 49
843.26 -445.54 93
-758.66 594.71 219
-784.05 -831.78 3
-190.59 521.16 175
438.34 -125.34 404
492.05 -419.66 277
605.15 -633.96 424
730.58 196.45 142
120.09 862.42 478
888.36 766.29 69
-549.67 433.45 280
697.01 501.27 275
-66.62 -273.72 133
477.65 755.42 254
-409.22 -264.99 340
863.40 -837.76 116
-155.00 -575.91 250
331.52 156.16 232
320.11 -838.13 491
-846.49 -448.71 247
-213.35 284.77 220
642.26 43.00 248
33.17 -57.10 220
-937.99 -968.69 370
264.08 -69.19 464
-473.68 296.06 260
782.16 725.27 358
-118.38 -975.95 399
470.02 689.38 447
-777.70 -242.84 54
-819.57 612.66 195
-456.47 -761.47 417
-161.41 678.58 49
-628.96 -860.29 86
92.38 -152.38 392
259.13 -502.91 396
-21.09 -242.04 88
65.03 630.12 48
544.54 -174.29 433
149.20 -403.91 132
924.56 528.98 145
355.08 -882.26 40
298.07 -870.42 136
-950.25 640.13 394
637.32 -426.31 29
901.43 992.00 390
518.42 -730.03 179
-319.56 285.50 294
-297.65 -879.76 199
457.01 -557.73 400
979.92 821.28 25
364.24 -667.96 245
152.13 320.29 375
870.05 200.54 169
-756.58 -361.31 489
484.97 99.77 253
356.79 328.29 463
293.68 661.55 170
244.18 -154.15 466
871.09 28.17 181
918.21 368.33 70
-709.65 320.72 3
-273.42 -721.55 157
292.40 935.79 7
-493.88 977.42 13
-481.86 -535.33 25
-34.94 73.21 50
257.67 -622.61 248
-427.47 -388.90 189
-313.70 54.48 138
-792.84 88.11 480
-699.58 536.30 151
882.50 801.20 44
468.37 -263.59 472
-723.32 -156.96 482
940.98 -910.58 285
799.43 50.45 184
-940.61 920.47 237
774.65 666.68 302
510.85 -517.69 20
261.09 -346.11 14
-934.57 -138.34 63
315.41 738.52 136
-971.19 -948.06 445
-615.10 -367.05 245
412.52 -316.45 108
-764.64 712.27 441
-684.99 435.04 290
639.88 -29.15 54
962.34 280.31 13
211.95 -390.48 364
530.63 697.93 296
521.65 -664.42 120
523.06 -965.15 20
-770.01 670.09 225
330.61 -371.81 286
-330.36 479.66 142
941.89 -708.18 230
-666.43 -153.54 175
818.17 622.49 442
363.26 -498.15 144
966.73 520.98 81
-399.52 631.34 378
-513.47 610.28 36
-666.62 -838.92 449
-434.31 -890.01 197
-223.55 -96.65 78
-663.14 450.30 248
829.40 -572.44 124
390.55 -276.10 221
7.54 481.25 183
-640.25 236.61 236
-124.00 -539.90 388
-927.67 167.70 264
107.46 -928.71 378
-433.33 952.94 43
660.27 196.94 408
36.71 -309.06 489
-202.49 -702.32 51
-239.17 911.62 340
-15.96 -253.33 193
525.86 -328.71 317
356.85 502.06 248
232.70 415.75 178
721.18 768.43 78
515.61 614.06 68
-880.12 -0.21 417
-430.28 -919.06 371
-784.60 26.70 431
213.97 405.74 94
-740.04 -518.60 448
-233.68 -744.80 158
-442.43 -689.38 445
-170.38 -240.52 190
294.23 -754.20 499
-177.83 -26.28 170
679.13 -96.96 193
-703.05 -211.16 278
-250.10 952.70 324
16.39 886.23 16
-800.65 -211.58 14
646.41 -352.03 76
-572.56 582.32 353
45.20 594.78 472
-35.31 -213.54 77
705.80 -823.73 477
699.27 289.96 485
-790.28 838.98 472
-784.17 -201.27 160
822.26 483.87 48
280.98 842.04 321
-156.83 966.55 384
322.37 -643.54 133
-709.59 -583.85 110
912.72 -678.21 222
162.45 126.38 233
-979.74 -343.61 408
-824.34 835.08 424
388.04 -207.50 10
-266.03 -378.34 468
92.14 -727.65 434
-781.24 653.68 437
-631.34 -395.55 386
-259.62 861.26 81
424.60 730.34 459
510.85 562.67 357
-579.27 -965.39 472
-765.37 -655.02 93
383.95 134.01 447
624.62 385.72 136
-287.76 945.55 492
-429.24 123.39 396
444.14 -970.89 81
-109.23 0.76 119
-192.66 151.04 100
197.42 -834.41 144
-992.86 693.04 472
-493.88 -234.11 136
996.64 -822.87 291
2.47 76.82 398
352.15 37.57 14
161.17 -614.00 297
-400.74 104.28 6
-604.30 599.35 217
650.44 -686.57 226
874.81 158.91 312
675.89 -820.49 262
-682.67 337.14 64
984.92 801.93 217
723.56 537.28 408
-411.42 -114.35 37
360.03 140.54 435
-689.08 682.91 39
-846.98 -54.84 6
-153.23 -845.45 179
191.02 588.31 362
295.88 -733.82 39
-441.33 785.39 285
674.92 413.37 179
463.73 4.79 198
974.79 -226.60 13
-176.61 -424.12 423
741.08 149.02 299
-596.18 -549.79 397
-839.35 858.21 423
500.29 -847.10 442
-517.32 -318.89 236
-740.59 -879.39 250
545.88 -947.75 226
326.64 877.44 302
467.82 828.12 78
801.81 -404.28 496
-568.16 325.05 162
-241.86 783.68 96
228.55 -843.62 386
64.36 371.99 327
-973.69 943.30 387
210.00 606.01 270
-994.69 -501.33 21
-492.42 -882.14 316
243.39 819.70 402
-308.15 -377.48 420
838.25 -570.85 88
796.81 90.18 451
945.74 -462.81 271
526.05 252.54 247
-556.32 -616.75 429
-618.64 -853.02 426
565.36 236.24 288
-165.99 -654.90 420
-686.09 -890.07 298
61.62 -203.59 496
40.86 -446.82 491
480.94 97.20 219
476.55 -857.23 331
-268.17 -282.08 261
8.76 796.50 392
-836.24 537.46 217
351.48 978.64 329
486.50 193.70 412
-814.33 549.42 430
-667.41 -485.76 499
-856.50 650.50 496
-722.89 -112.58 171
-119.72 -114.72 47
-369.79 125.52 80
207.37 -617.42 265
-692.31 -591.05 19
570.67 384.08 437
-460.31 -473.43 261
-177.53 15.11 289
-644.40 100.99 136
486.68 136.94 270
925.96 -944.76 135
-183.81 885.43 245
206.09 -514.27 77
132.60 -73.52 182
-840.45 -389.63 262
-528.49 -145.54 71
387.19 810.24 163
689.63 770.87 223
510.24 221.90 356
157.75 164.95 27
393.11 -874.39 119
234.23 -982.30 46
-503.10 749.99 264
-878.78 818.90 318
-416.36 -659.96 470
-289.41 177.59 289
882.81 650.01 427
-125.95 -837.76 7
946.53 681.14 173
594.29 -318.16 401
2.23 742.42 446
-382.92 364.54 339
-89.63 -994.02 69
-814.81 -245.09 329
107.03 -77.18 198
-863.28 -520.31 7
396.65 -602.59 251
-533.37 586.66 455
420.09 -247.84 257
-388.90 777.03 500
296.55 481.19 372
-531.85 993.41 114
-416.61 862.24 311
-235.82 29.27 147
-438.03 904.78 35
-929.75 754.63 459
187.90 115.88 84
-195.29 444.62 288
-903.50 -586.66 239
187.78 -187.23 76
-926.94 458.24 162
-411.42 -68.58 324
-364.67 960.69 319
-730.83 524.03 246
-916.14 396.89 493
-559.62 381.88 394
800.59 292.70 44
-949.28 147.50 130
971.31 -951.29 297
-926.63 663.26 154
-480.15 -558.21 126
-498.52 -240.27 395
-874.08 -309.85 257
-955.81 3.02 342
-4.00 568.29 337
896.97 783.01 314
-169.41 -250.71 210
180.27 -543.14 429
414.72 586.78 302
959.78 -685.96 390
-280.19 176.79 158
-582.32 145.36 492
577.93 -984.25 376
-996.22 -558.64 441
-865.54 132.79 478
-513.66 -51.79 421
-348.98 -512.50 92
-979.92 -262.12 87
57.77 -71.38 441
880.37 -657.28 334
210.18 354.47 286
641.29 117.47 330
-679.01 158.97 486
-448.65 74.86 472
-221.78 832.27 201
-77.49 -758.48 186
766.72 -36.71 236
761.65 -651.11 337
36.41 114.35 433
876.52 -335.31 146
-944.33 354.17 203
535.08 -774.90 143
899.47 -102.76 18
-300.15 905.64 159
806.82 -451.46 238
-856.81 -88.84 345
-358.99 -246.68 92
628.28 -368.82 91
-244.48 241.25 420
64.06 636.04 441
257.85 -211.04 101
-641.90 -857.97 289
-379.92 -243.02 24
851.07 793.51 15
-740.23 24.75 5
972.05 -654.47 172
-638.05 -981.14 249
-650.62 -958.01 489
-927.61 936.58 441
305.76 -594.90 381
528.49 -729.12 220
-302.10 -949.77 136
-758.72 593.98 170
-305.76 252.72 381
-635.30 491.68 323
-446.70 -426.74 439
623.89 833.74 488
33.60 -847.96 295
-617.30 437.06 319
975.04 -450.48 365
757.50 -93.91 131
97.45 -499.80 18
-925.05 249.49 493
406.90 -95.92 440
-409.41 31.16 181
44.34 54.48 345
460.37 -429.12 126
194.80 746.57 327
-235.33 -697.07 256
54.48 773.67 167
-851.13 -902.77 444
-923.34 -348.61 444
634.69 378.64 202
32.38 -541.18 265
-385.60 -488.20 342
82.61 -292.89 419
214.76 -609.79 118
-686.33 383.22 14
361.00 734.79 280
-717.46 -976.74 294
237.77 -483.02 357
313.46 -902.46 294
671.86 427.35 7
-180.64 381.15 30
515.61 654.77 33
-946.84 599.05 111
-372.36 -313.70 179
664.36 717.28 56
-212.93 -379.19 293
504.32 -949.83 136
-918.09 868.34 195
533.25 -874.20 268
-757.50 331.58 97
-314.31 237.46 141
-719.35 -519.82 363
399.33 -931.27 234
-88.84 390.12 371
452.44 954.04 403
814.63 -926.82 353
-957.76 -520.49 214
99.09 -478.68 152
913.39 496.99 296
-409.65 -921.38 173
-930.85 449.75 95
66.07 292.70 8
-584.40 465.01 494
509.08 522.81 334
-153.72 184.73 2
127.78 557.24 276
32.26 44.10 321
539.29 -442.61 270
777.58 916.75 304
-628.83 56.55 4
-508.10 969.18 74
872.13 -254.92 312
-630.73 461.84 224
-828.85 622.36 214
487.11 -650.87 345
845.70 -964.60 100
-483.26 -890.32 109
695.12 411.79 78
-701.04 542.83 338
-673.33 370.04 243
451.40 532.46 313
583.00 -383.16 28
676.08 272.50 396
236.67 -145.48 284
-214.64 400.37 6
-8.45 82.86 393
-95.92 164.16 146
-89.94 -566.21 11
-908.69 -607.29 69
-811.40 275.12 137
-994.75 900.33 146
971.98 9.19 116
-544.85 290.32 376
885.62 30.73 43
-996.52 -826.17 55
422.65 -66.01 74
-561.63 -162.94 199
496.51 532.94 77
-806.39 -369.61 462
617.11 826.11 1
888.55 -940.18 11
509.32 -54.66 398
-647.63 -13.95 300
826.11 -366.13 76
-965.39 731.38 370
-841.18 144.63 362
-172.40 508.53 398
67.05 893.92 483
305.34 -333.66 441
587.63 987.43 429
-555.47 49.29 324
891.90 117.40 41
307.17 536.42 103
682.55 -449.57 391
165.62 -186.19 74
819.45 243.02 78
-599.60 892.51 490
-225.38 780.82 242
441.82 -942.50 457
-900.20 93.72 119
310.34 81.45 292
390.18 993.53 113
192.91 -104.83 138
-501.75 775.02 21
-789.30 -255.10 225
-760.80 654.77 184
-645.99 -589.04 289
786.31 951.96 371
717.89 587.57 318
-369.06 -112.83 91
926.33 257.00 187
-372.91 942.69 295
232.22 -897.52 395
-498.83 -864.07 176
468.61 -72.85 420
-457.01 565.78 399
64.97 941.16 456
-758.35 432.11 288
968.75 -105.01 27
652.64 679.31 500
787.47 615.04 420
516.95 -309.06 50
-969.79 801.63 423
-135.04 -651.84 127
240.70 217.32 420
257.55 -516.53 354
-685.96 882.44 488
217.99 578.72 339
-357.52 851.31 484
-984.25 717.89 195
-829.46 -180.82 313
-950.68 556.32 163
-770.01 -546.74 32
-126.80 668.32 375
401.59 -794.18 140
-313.58 -675.10 252
874.39 697.81 404
-914.55 -210.79 194
87.92 -185.40 439
343.73 845.70 193
106.05 671.99 379
653.74 752.37 354
-578.97 851.01 68
914.55 -628.59 289
987.79 7.17 32
8.51 143.59 93
476.85 -616.26 179
-655.38 -924.56 77
272.26 -844.84 182
995.42 257.67 344
-133.03 -861.08 443
275.73 871.52 367
282.88 -503.65 171
-652.15 -571.95 227
-791.99 844.23 491
-354.29 -637.26 398
954.59 967.35 219
836.79 329.51 358
-656.48 -688.22 94
-66.26 -142.67 208
472.03 -104.53 2
-717.15 690.48 219
257.91 -553.33 493
-263.34 387.43 481
943.60 -271.40 3
619.68 -146.46 295
-380.84 368.82 467
366.01 670.09 145
547.17 345.81 203
195.35 -378.83 457
-111.85 -164.59 46
-848.99 946.78 203
586.90 638.66 469
-500.17 823.30 209
931.46 152.20 16
137.12 639.39 127
896.97 48.62 450
-494.61 45.87 294
75.72 -240.39 457
-134.74 -239.84 369
31.04 -250.10 352
808.22 -43.18 119
541.43 -316.81 104
922.24 -986.94 148
-326.03 -836.66 376
-242.47 -332.80 174
192.18 -966.00 19
946.78 -476.12 250
-286.11 490.89 24
761.65 564.62 345
-461.29 747.92 135
-219.34 136.94 137
-588.12 956.18 390
-43.79 57.41 366
933.71 -249.98 175
452.31 -784.42 182
-893.19 -560.05 98
423.99 666.13 446
-104.16 733.27 152
679.07 884.33 187
-107.27 -801.81 128
152.26 900.14 210
500.47 -263.41 481
576.95 649.28 459
-293.31 -651.54 354
916.87 -642.81 164
-226.78 712.88 268
-735.04 335.80 337
-736.08 814.45 5
-721.55 482.89 237
-973.51 -728.87 393
51.73 -720.45 393
278.30 -585.74 179
-119.30 -572.50 435
-926.45 783.20 114
890.50 -290.99 182
-594.47 -218.48 172
235.69 439.01 187
-740.41 -959.53 27
-207.25 -743.16 471
346.42 805.29 107
-814.20 227.39 462
-753.23 649.28 232
-114.78 538.13 157
-452.38 276.96 479
228.74 740.17 76
-509.57 -648.12 67
-200.66 731.74 229
-61.98 -567.31 117
-106.97 785.03 367
-655.51 -539.29 442
80.23 -896.24 107
137.18 -923.34 285
352.28 938.11 76
732.84 593.80 217
-697.56 -590.38 479
-425.58 -25.30 10
464.83 -825.98 35
324.99 897.76 436
581.04 -887.51 418
955.44 -795.71 274
426.86 -342.75 308
153.05 947.08 300
163.24 355.75 263
513.60 -850.28 49
226.23 130.16 123
-392.50 -493.21 98
791.38 626.70 354
-515.06 828.97 59
-915.34 336.77 180
749.69 -654.53 173
