1000 14 100
-478.74 49.47 88
-757.81 239.91 45
75.78 918.88 84
-122.59 286.90 58
686.45 -756.04 10
-472.88 -585.92 92
-894.16 -777.52 58
-716.79 -312.78 57
-306.74 689.20 80
217.93 864.50 98
446.39 -547.90 32
140.42 -474.53 45
336.53 -472.76 11
69.00 -884.40 40
3.88 -390.48 47
455.98 295.27 119
-678.64 747.06 33
861.45 3.33 32
516.34 656.06 104
-972.47 884.03 138
680.29 683.95 66
400.56 -569.20 44
-137.91 334.21 5
-658.62 628.71 65
-228.43 -226.54 91
798.94 270.36 117
670.34 -912.29 81
349.77 734.31 21
-451.95 496.20 21
-517.99 -903.93 144
419.23 516.22 44
64.12 -756.52 56
782.16 -548.02 8
-646.11 -563.04 85
210.18 -197.42 111
902.77 744.32 27
935.73 -499.86 89
-439.13 -763.91 85
-594.71 550.95 2
729.42 -996.40 91
-637.87 903.93 58
-710.26 -794.55 97
315.84 -528.49 60
521.29 -285.99 8
-472.33 -584.15 15
39.34 -238.26 136
128.09 -648.49 127
602.95 -458.42 5
-60.15 242.90 74
801.63 -767.51 7
256.45 -251.93 71
384.32 661.49 143
470.56 -173.13 78
-408.92 -981.26 140
308.45 -158.67 42
-459.58 969.91 116
-238.93 379.80 103
-241.25 402.51 126
851.25 885.68 97
-430.59 -841.36 41
396.59 -890.07 109
529.04 686.09 81
166.48 695.67 108
-332.56 841.49 140
-462.20 -922.79 86
196.69 -648.98 55
-819.70 -395.31 42
-142.55 917.48 50
-302.96 -385.30 7
-578.17 -75.66 6
-242.41 334.27 123
-690.97 361.13 145
-653.55 -745.72 37
-940.67 238.50 142
545.88 -790.09 78
787.53 625.54 150
45.63 -906.55 23
-38.30 774.41 80
-441.63 -836.42 132
-830.68 -153.97 24
-223.61 -458.66 133
-808.65 -226.78 105
-317.30 -42.57 148
961.30 32.44 87
-828.00 380.78 3
81.27 805.60 79
302.41 68.76 149
761.28 -563.16 136
328.47 -915.52 4
580.19 -514.88 66
-780.39 -328.10 13
-402.08 -714.77 139
885.19 -677.05 16
-679.25 -985.78 11
66.26 -844.23 82
-913.57 -941.22 94
-936.95 600.51 16
-151.89 -750.85 18
-609.85 613.82 6
338.79 -485.15 28
346.84 958.37 22
445.42 972.29 82
605.58 743.95 105
-435.41 -367.66 129
-500.78 -318.70 12
-5.04 58.69 56
993.47 596.61 25
-698.17 671.62 105
595.08 -53.74 114
-687.80 -774.77 56
940.73 607.72 61
-786.74 -465.74 25
762.32 348.92 109
389.57 48.74 72
-394.88 353.98 47
-613.21 611.50 79
317.42 -752.68 4
987.73 941.22 43
193.15 -530.87 144
77.73 308.57 52
983.03 859.74 21
-987.43 -230.20 105
-961.30 -843.13 13
829.40 -568.16 126
874.75 -947.33 70
114.66 808.83 105
-329.20 739.98 15
910.52 -372.54 105
-54.48 -240.46 47
948.42 711.05 52
55.88 680.90 151
6.26 -942.56 63
574.21 -35.98 49
-470.50 -813.90 102
204.50 513.84 25
-899.04 -497.73 146
986.02 188.39 13
-872.74 -926.27 120
327.92 -876.83 71
489.61 76.39 146
193.03 422.96 100
-870.60 -501.39 29
733.70 -191.63 110
855.40 -255.59 113
141.15 434.55 97
-682.42 794.92 118
-353.62 -429.98 124
351.85 -173.99 113
-248.02 391.03 50
989.68 888.00 56
142.25 -942.44 12
-374.00 676.20 119
546.56 740.04 139
-631.89 -179.60 132
384.14 613.64 103
-279.64 -271.10 1
538.56 -720.88 126
730.52 110.26 71
344.83 853.88 118
791.44 -908.20 11
84.87 354.78 46
700.19 -371.38 67
-793.63 -780.45 18
582.14 -121.19 40
380.41 127.41 88
-865.35 684.56 22
622.36 940.31 6
585.80 -531.48 97
284.83 841.36 144
49.59 4.00 114
31.34 -156.10 137
838.56 876.52 103
169.16 34.76 5
14.44 -708.73 83
-791.86 -547.41 108
-721.30 427.29 54
469.16 -370.10 37
-540.70 -939.94 26
241.43 -199.62 73
609.79 915.77 44
-366.62 838.74 44
328.84 -579.21 59
123.94 411.79 85
604.85 443.59 135
-846.80 -177.28 20
521.23 513.41 42
144.14 877.56 40
789.85 119.30 106
362.47 44.77 122
550.58 271.52 41
-734.37 -534.23 64
-556.44 808.95 127
693.66 248.82 126
868.53 206.58 50
-317.12 -794.12 41
-148.90 124.91 112
79.56 6.68 97
-716.18 898.68 19
-260.54 -117.83 52
-251.08 -158.85 135
-813.84 -231.36 47
917.72 -117.95 98
398.05 -624.56 144
898.98 921.02 19
165.44 -644.52 91
130.83 -387.43 145
447.74 789.97 25
728.93 345.93 3
-385.11 -171.00 44
861.20 205.11 119
637.87 802.42 23
976.56 932.86 18
431.87 679.68 126
809.38 627.19 110
-75.29 -328.23 122
-724.60 327.07 30
250.04 -732.60 100
-91.10 -962.28 93
19.32 346.54 116
619.43 358.38 111
-855.22 454.63 59
519.76 -41.78 91
-577.07 -893.49 48
643.85 948.12 82
296.67 -632.98 47
-218.97 962.03 98
-860.84 -821.53 44
-339.70 -245.77 113
298.07 -777.70 14
-437.60 572.19 111
-751.27 -239.05 62
-617.11 -257.30 60
793.15 -838.74 122
449.87 53.13 19
535.02 -103.00 68
-716.36 -128.45 76
136.63 21.27 144
-795.40 784.23 83
348.31 -367.66 26
514.08 -923.95 55
759.58 988.40 126
131.99 -96.71 115
895.75 -104.16 27
330.55 742.12 88
930.17 -934.26 138
-202.06 -93.17 138
-856.26 -459.70 6
961.49 -144.57 129
596.06 296.30 107
-469.28 895.02 65
522.93 981.08 14
-146.95 14.01 102
-3.51 676.08 94
-854.67 -851.68 133
-381.02 869.32 75
-768.49 491.32 66
731.38 -302.71 117
328.04 724.48 60
41.72 -761.59 134
-80.66 537.77 13
-25.12 457.56 71
-881.65 -238.81 134
655.51 -439.50 150
-657.34 -891.78 24
-478.80 -727.47 77
-73.21 174.96 101
361.67 -849.73 138
667.96 -797.72 12
349.65 730.89 63
524.46 440.53 10
618.52 354.41 109
-995.24 -994.08 83
396.83 -872.98 6
443.22 140.54 119
-112.46 -36.90 44
-387.31 -979.25 17
223.43 211.46 63
223.85 -27.62 112
-807.31 -717.52 134
49.29 -630.05 131
263.16 194.01 64
-51.36 -100.92 73
980.65 304.18 81
-802.61 466.54 128
340.80 -60.88 119
497.18 -867.55 78
468.55 409.89 116
-891.42 -767.02 34
-852.35 -710.26 112
-38.06 636.04 69
-330.79 -950.80 15
600.51 59.05 129
361.55 -542.16 97
662.16 -165.56 143
-722.34 827.27 116
545.76 685.29 50
-901.61 418.50 53
-808.22 217.81 71
609.91 439.56 85
-210.43 199.87 84
-615.83 -754.45 59
941.34 -471.85 110
779.23 -106.97 63
-365.83 -663.87 81
332.74 326.58 119
-471.30 -784.91 65
-701.59 -551.07 6
-173.56 258.64 62
-280.62 -606.49 87
578.78 848.57 44
-704.34 725.94 137
-12.42 24.57 34
635.61 307.72 44
287.21 176.37 88
-469.47 -598.86 31
-578.54 908.93 122
-86.46 536.36 133
207.50 513.60 28
398.85 -53.50 54
-760.73 -219.95 97
7.97 257.36 55
698.11 151.34 9
112.95 -163.00 27
-261.64 -285.99 126
-978.09 -968.57 111
466.72 -527.09 58
245.58 -330.12 3
972.11 33.97 11
565.29 977.42 78
650.69 464.34 141
824.27 631.40 37
-551.07 -36.65 29
132.30 389.02 47
868.89 306.56 103
163.98 -252.17 148
897.95 79.99 146
-313.88 731.01 105
-315.16 -262.12 66
-374.00 360.76 151
37.75 757.93 113
-861.69 951.29 107
916.87 -127.17 44
489.30 260.78 15
-712.39 -214.58 63
410.20 47.09 91
233.38 165.93 132
-876.52 920.16 65
-643.24 346.42 28
763.18 -177.40 118
-528.79 -792.84 104
-350.38 259.99 43
-349.53 -448.04 35
-912.90 775.32 142
-886.04 -962.58 100
276.77 390.30 30
-569.93 711.23 88
-167.46 -951.11 89
367.53 670.46 148
502.12 760.06 96
-335.86 -473.25 132
274.88 -609.73 59
-728.45 -490.22 122
-638.48 155.00 35
508.71 -595.69 151
-201.45 47.46 51
283.12 347.45 31
-81.21 -19.20 80
353.98 63.02 97
888.00 546.86 6
-229.47 632.19 93
180.21 268.29 90
-625.11 633.29 17
512.92 286.66 131
854.85 -304.91 136
-377.42 839.66 11
-476.97 -568.59 116
-403.91 884.33 15
36.71 619.19 86
-477.46 -928.65 103
-102.63 -403.06 6
-749.63 215.43 92
-954.34 441.33 144
273.11 693.53 147
-568.41 780.76 32
-527.39 -918.70 63
349.77 -626.09 63
-123.02 -939.82 139
-164.59 71.63 12
982.36 443.34 115
-237.53 733.15 15
802.67 -668.57 139
726.98 348.80 6
-107.33 160.56 40
585.31 261.88 89
-608.75 -997.80 113
-105.81 -752.98 135
-99.89 -830.32 6
722.71 535.02 4
-997.86 -783.62 46
623.10 923.52 102
-317.97 43.24 90
-792.90 -866.15 18
-916.44 303.93 89
-971.13 -187.96 67
188.33 -136.02 18
-428.14 277.81 59
-642.69 -22.31 28
-669.91 553.88 138
-484.79 354.11 53
509.20 600.09 88
-696.58 -371.99 98
-0.27 -709.16 129
48.62 -805.17 56
-749.38 756.58 1
134.07 -847.10 119
734.43 510.67 69
-435.77 -524.16 54
108.13 -447.13 23
-557.60 -239.72 45
-823.54 628.77 29
972.84 -789.79 7
-387.92 279.52 94
-285.01 -819.45 146
-672.05 497.54 9
396.71 -145.91 97
685.23 -59.24 65
895.38 727.10 35
593.31 27.99 107
266.52 -233.07 56
-711.36 -933.90 52
185.09 641.71 46
-611.80 -887.94 5
-875.61 -448.41 90
-21.45 791.38 103
-728.69 -837.52 119
253.21 33.97 110
822.38 -789.91 96
-190.28 895.75 49
167.52 -247.47 35
407.57 -443.53 49
801.87 53.50 60
-974.67 -514.88 103
-145.66 -74.62 1
683.03 -128.88 18
143.71 -696.71 69
-31.53 5.89 2
909.79 106.48 55
773.37 598.68 73
-925.47 321.63 73
654.23 278.97 67
314.31 -33.36 94
-262.06 -971.50 6
617.91 407.88 69
439.25 -759.15 98
-380.35 666.25 91
-302.77 783.20 8
77.55 -900.75 41
226.91 79.20 135
668.26 446.46 20
-343.85 96.35 81
-960.20 912.84 97
644.58 -549.97 42
51.00 6.13 19
-604.91 -108.01 24
-416.24 -533.98 59
631.15 -534.71 2
490.95 -898.74 150
363.63 851.31 8
-614.86 914.43 68
-127.41 136.45 137
339.76 804.38 117
-483.32 -344.28 147
-597.34 -357.77 12
-477.83 963.32 27
-624.13 861.45 120
-971.25 -407.03 99
833.98 145.73 47
643.97 -645.13 39
89.94 584.89 40
-174.78 -285.68 25
-971.74 43.92 126
815.61 569.20 134
646.53 717.83 135
-133.03 -270.49 126
-955.93 156.77 34
329.39 860.84 14
709.40 709.83 18
-872.92 828.18 100
538.19 587.15 139
428.75 522.45 32
316.87 839.35 37
195.72 -386.27 129
674.67 743.71 144
-983.52 508.59 65
995.97 -378.22 149
451.77 -661.18 73
741.33 243.14 79
273.84 -670.83 11
-697.62 -59.85 101
738.70 -371.26 111
-840.57 628.71 48
-372.91 -100.31 14
-26.70 335.73 148
481.12 880.31 98
577.01 842.59 85
499.25 -963.99 114
881.41 896.73 87
180.94 524.40 21
-269.81 389.69 69
284.46 -718.56 21
976.87 181.37 51
-770.68 -660.57 55
-237.04 -869.50 110
-17.61 -246.80 114
-594.59 614.92 112
-26.70 -997.31 151
-309.67 -359.97 23
930.60 -304.48 25
989.62 795.34 59
-27.31 -932.43 103
694.14 -929.01 69
-928.53 -571.89 126
260.60 147.62 55
-612.84 554.25 112
-61.86 458.24 110
193.03 375.96 126
-771.60 363.14 126
-571.15 340.92 44
-409.41 401.84 44
577.99 868.83 77
-921.69 -938.66 78
819.27 -456.40 2
-259.56 -932.68 38
502.49 -602.04 49
979.74 111.85 90
187.17 71.50 72
896.60 -561.02 144
-981.51 17.24 44
196.39 53.99 137
-653.92 545.70 105
755.85 -234.90 93
-540.21 -423.69 27
685.17 -948.24 75
-612.35 -231.42 38
928.46 131.75 97
107.39 -526.96 111
369.73 -178.50 104
528.98 931.64 137
308.08 -896.73 12
-546.86 -386.39 53
278.18 969.05 34
-348.67 749.08 84
773.43 -633.17 13
498.46 -733.51 91
-268.59 175.39 51
468.31 704.52 126
-90.12 317.67 75
-474.78 498.95 99
769.46 -332.80 32
259.50 598.80 51
437.85 523.79 125
-222.51 882.50 150
3.81 -590.20 54
108.68 -414.47 105
-964.11 7.23 91
-509.57 -843.87 97
-916.99 460.37 22
583.48 883.24 88
245.77 -721.18 105
704.52 533.49 59
-40.86 -81.09 83
-206.70 -650.26 151
146.58 -935.54 88
302.29 -657.70 1
142.19 -85.60 16
-235.51 108.55 129
-512.86 -339.64 3
-294.47 -316.69 52
130.71 63.63 15
68.70 -587.82 149
961.30 -145.30 140
670.09 -203.77 114
205.48 -160.19 104
643.18 -67.42 37
316.63 353.07 99
-384.75 820.37 51
773.80 289.35 24
739.49 -336.28 105
-18.16 -354.29 97
-73.34 -363.14 1
-547.53 -466.48 150
-60.76 625.72 59
901.73 -747.12 61
668.81 481.12 12
-923.70 -507.19 12
173.01 556.87 50
-734.00 287.70 50
-854.79 -988.40 134
-180.03 271.34 66
681.39 -218.36 37
-178.81 271.71 28
-255.78 -476.30 49
-379.68 -360.76 64
854.12 442.00 97
450.97 142.80 28
506.70 995.12 60
87.68 49.96 121
886.72 278.85 126
-286.11 391.71 71
-145.36 651.11 76
92.32 629.93 1
-810.36 152.99 37
26.46 264.75 122
916.87 737.11 40
214.33 579.15 72
490.52 -509.32 27
176.73 970.64 120
-109.78 -815.24 94
244.61 -581.29 54
-436.57 843.44 18
-141.27 828.67 22
-126.56 -138.52 21
923.52 524.09 34
526.23 -252.72 56
-86.70 -704.15 64
610.71 -912.05 130
106.05 -619.86 135
640.61 -927.73 85
963.56 -189.43 12
-416.55 114.35 50
539.66 997.50 28
554.49 45.75 135
132.36 389.69 25
887.20 239.30 40
-556.87 -74.37 75
-77.43 -859.86 97
529.65 -82.49 81
-669.55 262.61 33
-926.15 -698.42 45
343.61 -988.71 29
-803.77 -936.52 105
194.74 956.05 148
470.75 371.38 22
551.62 674.92 42
192.54 -233.44 13
91.40 242.23 60
-439.80 920.83 50
-201.51 -891.48 123
519.33 222.82 95
-645.86 -232.46 134
-186.74 55.27 97
365.52 -532.33 151
-442.43 -684.87 103
-595.93 557.05 110
641.10 -236.61 21
-859.00 101.84 28
-283.73 -578.36 93
-475.39 439.01 20
-284.59 704.15 130
-797.66 -440.90 66
973.57 -459.70 62
484.42 926.69 34
403.67 653.86 131
-660.88 -233.31 148
-999.21 -332.44 44
-554.61 244.30 37
503.22 -949.16 107
455.18 574.76 88
-443.95 368.63 134
-406.72 185.40 97
-534.47 75.29 140
787.10 -149.45 142
833.98 476.18 113
928.46 -509.87 36
294.90 -298.38 88
876.58 311.50 14
461.04 855.83 105
-345.87 -569.57 121
-689.14 -838.68 22
234.53 -716.42 136
822.32 -824.40 138
600.33 288.92 37
-38.18 253.09 137
633.47 573.29 42
-591.97 -383.53 72
119.72 420.33 61
-123.87 938.47 126
-33.23 639.94 141
-133.15 461.84 49
-105.56 582.38 8
-660.45 659.66 59
-388.29 257.00 137
453.90 -496.38 90
-910.28 -776.54 140
386.09 -181.86 12
-765.98 -151.65 63
-439.01 202.49 62
-706.66 -584.83 124
688.83 850.46 85
-28.96 -311.44 121
-984.01 538.62 67
-322.37 -883.54 116
-560.17 -660.88 18
-68.51 -846.68 59
839.53 -507.68 71
820.98 -541.98 99
-594.04 596.73 59
949.34 208.78 141
145.79 -909.42 87
628.04 732.78 131
346.78 159.46 134
528.61 -674.06 5
-123.69 957.52 9
784.42 781.55 59
-15.41 -371.07 56
-82.43 -990.84 1
52.10 -693.66 53
-816.10 -539.35 94
-287.82 298.81 108
249.06 -875.18 151
-766.47 -689.69 133
766.59 -120.94 150
-773.98 4.00 140
-315.41 -781.73 25
874.81 790.03 122
203.65 92.26 137
-726.37 -369.49 103
-499.62 7.05 97
259.62 154.09 49
868.16 -59.18 66
700.55 722.34 31
51.61 -762.99 78
707.88 532.46 93
-471.79 721.49 130
986.69 623.95 108
553.70 89.21 106
737.78 -962.65 1
-800.10 376.87 63
457.87 595.26 5
-383.10 -674.79 142
873.41 -908.57 117
-401.41 -107.09 24
-639.27 -663.38 69
473.19 -641.83 149
-215.61 759.39 14
-375.29 -409.41 103
-11.44 -638.05 148
-169.35 -562.85 95
444.44 -979.00 147
-677.30 999.82 37
-954.83 656.42 15
296.00 132.18 94
-2.29 923.89 138
-250.16 -997.68 1
434.92 -943.05 136
-700.61 307.66 53
18.83 -448.84 89
192.79 -67.23 117
-334.64 -206.46 69
461.96 771.60 113
856.01 -255.47 47
-830.81 322.79 112
51.61 -373.03 23
341.04 -212.01 113
742.48 -482.35 5
652.39 -21.64 40
-91.89 23.04 78
493.03 640.06 53
-633.90 99.15 75
-44.59 76.14 44
916.81 798.33 93
-210.85 431.81 31
582.81 541.61 81
713.74 -32.99 47
858.15 676.81 51
923.22 315.35 126
-38.06 -165.44 107
-598.01 -626.15 3
893.19 193.95 22
48.01 331.22 27
-147.86 459.27 15
824.76 -328.04 94
583.79 -614.19 138
-521.84 -949.89 80
-347.21 321.39 85
-984.31 938.17 134
838.74 -299.05 41
397.08 -797.66 148
-18.65 -998.41 59
986.45 457.63 37
-27.07 572.37 91
-495.10 -516.77 145
421.86 -741.51 93
-241.43 -625.05 85
-932.37 87.31 142
545.82 -278.24 30
-456.89 -275.86 33
119.97 -822.44 94
-181.01 192.05 38
651.36 -399.70 150
874.57 -272.19 103
-459.88 697.99 35
-938.35 -130.59 141
438.15 112.09 81
-474.65 186.50 50
-316.20 -676.32 44
-843.20 726.25 100
-203.77 -55.09 97
-862.91 -500.90 31
959.59 -898.43 3
430.34 429.06 51
307.41 -22.00 86
-145.24 382.18 129
-459.03 -575.98 54
848.81 424.05 102
228.74 79.38 18
-994.93 584.46 110
-701.96 984.74 13
-877.56 -619.31 80
981.08 -607.84 97
-829.95 -581.96 135
76.27 691.52 50
420.39 794.67 19
-921.99 295.82 6
-658.56 -956.85 71
760.80 223.91 118
887.02 188.82 90
434.92 -768.73 31
-154.27 444.44 38
563.28 -77.73 81
146.52 349.41 59
993.10 576.89 37
725.39 -963.74 124
969.18 697.01 85
-16.27 34.64 48
598.50 762.02 72
265.18 -165.62 31
-218.12 -355.82 100
387.31 593.92 142
72.30 807.06 126
-649.59 -868.65 62
-296.91 56.43 129
-855.59 -66.07 2
409.22 476.61 2
344.40 613.57 42
885.13 -484.79 5
173.80 270.67 75
43.31 233.19 42
173.19 857.17 44
-106.78 752.92 45
783.81 -896.42 150
-882.87 179.30 129
305.09 139.99 123
516.46 971.98 148
-955.57 -149.45 40
692.56 175.63 110
-688.41 -491.81 60
862.79 308.51 48
-539.84 -420.64 79
-160.01 321.94 96
698.54 33.54 94
177.22 -872.13 110
130.53 275.67 81
544.97 -10.71 141
-306.50 -800.23 69
-179.85 840.27 74
-413.19 -917.36 115
-632.56 590.08 55
-321.39 355.82 37
-156.65 -77.91 141
492.29 -48.80 123
-206.27 274.27 72
-45.20 172.22 136
-399.09 -166.36 51
392.56 137.79 125
216.10 -261.27 64
-474.41 39.70 93
-166.91 517.32 104
704.82 -12.48 17
-520.13 -662.89 133
588.24 345.93 22
660.08 166.11 85
132.72 -560.53 74
933.90 678.58 59
419.23 -430.83 18
923.76 948.85 40
-305.83 -307.35 83
922.18 901.55 139
-658.38 -874.26 12
-685.90 -619.80 45
-449.51 -530.50 18
655.08 811.58 20
-537.58 -91.16 151
718.99 -977.48 29
823.18 314.31 104
-603.63 -930.66 23
-133.58 -543.93 66
233.25 207.31 61
587.27 364.42 16
-95.31 -382.73 82
954.77 -316.14 116
266.21 463.55 138
-772.82 -968.08 1
65.58 531.66 19
-384.14 125.16 140
-816.22 340.92 6
343.97 32.44 116
-346.60 -511.58 122
-84.44 609.24 51
923.64 314.62 17
400.31 -800.78 126
159.22 29.45 121
993.96 319.86 44
20.11 -539.90 97
291.85 520.62 59
622.18 -182.90 37
857.66 -830.07 97
-522.75 -415.45 60
31.28 836.18 61
-596.91 -935.24 100
-246.74 430.52 1
-73.21 -496.99 30
733.57 632.13 47
836.66 330.55 113
-189.18 550.46 124
-491.56 -853.39 135
-910.76 -629.08 98
699.33 -138.40 110
643.91 -894.47 116
911.13 190.28 138
513.84 793.63 35
-567.67 -322.86 100
-405.07 814.14 145
-989.14 887.26 53
159.89 632.56 53
-944.70 576.77 53
311.62 556.08 7
-455.06 -201.57 135
-19.32 171.91 53
709.04 -737.66 138
343.79 -666.55 99
257.73 103.85 115
-968.75 92.87 113
764.28 -239.17 61
-553.64 110.51 5
957.09 -816.77 122
-803.83 41.78 111
435.35 334.76 51
-721.92 -530.75 118
-81.21 -846.06 106
-470.26 358.62 108
834.22 69.19 55
180.82 19.68 66
-924.68 -946.59 33
-602.53 -597.34 57
403.79 321.70 87
-270.61 -499.25 8
-572.01 353.37 138
-394.02 913.88 44
667.96 -777.09 11
738.52 -489.06 35
-881.16 493.82 122
-292.21 846.25 52
-764.95 415.63 114
-586.84 -195.23 40
-399.70 124.30 22
670.83 111.97 94
-6.99 219.58 5
-667.41 -906.67 143
340.19 738.94 102
-902.95 673.09 18
-566.94 409.65 9
-47.64 286.11 72
-501.08 394.33 27
181.19 -582.20 78
-959.29 794.49 110
-685.72 -888.06 75
-982.54 196.39 33
-406.72 -739.62 36
689.44 783.75 126
-349.22 56.43 75
-447.49 -755.42 140
-523.73 -99.77 122
976.56 131.14 111
-429.06 552.84 125
-303.20 720.39 140
743.16 -320.84 65
-562.00 40.50 78
-483.38 -635.30 111
922.48 808.10 115
863.09 973.88 40
579.27 822.75 49
174.96 97.57 44
684.13 -865.11 92
-676.93 560.84 151
660.08 -708.79 40
536.00 -223.61 52
-880.06 418.38 66
-47.27 -608.57 25
-829.04 82.80 135
-718.19 -572.13 68
-212.32 7.66 109
300.21 -785.09 117
-61.49 91.89 52
195.90 603.32 68
-126.68 -992.19 81
-753.96 486.19 17
-203.34 205.97 45
-721.30 780.69 68
310.16 -327.13 37
-956.79 996.34 46
-237.28 -471.24 17
258.40 -416.73 72
-754.94 756.22 97
